ReocrdTime: _20250426_121534
IntegrationTime: 200
DataLength: 7305
accumulateCount: 1
Wavelength,Data
195.889,23,
195.938,23,
195.987,20,
196.037,19,
196.086,43,
196.135,12,
196.184,29,
196.233,36,
196.283,5,
196.332,48,
196.381,27,
196.43,40,
196.479,54,
196.529,23,
196.578,29,
196.627,17,
196.676,71,
196.725,57,
196.774,46,
196.824,23,
196.873,32,
196.922,53,
196.971,57,
197.02,38,
197.069,6,
197.118,21,
197.168,9,
197.217,29,
197.266,34,
197.315,57,
197.364,26,
197.413,41,
197.462,13,
197.511,27,
197.56,46,
197.609,43,
197.658,66,
197.707,47,
197.756,18,
197.805,38,
197.854,48,
197.904,6,
197.953,41,
198.002,25,
198.051,27,
198.1,52,
198.149,50,
198.198,61,
198.247,34,
198.296,34,
198.345,36,
198.393,45,
198.442,74,
198.491,56,
198.54,60,
198.589,10,
198.638,52,
198.687,72,
198.736,106,
198.785,57,
198.834,81,
198.883,88,
198.932,127,
198.981,123,
199.03,84,
199.079,43,
199.127,30,
199.176,45,
199.225,46,
199.274,54,
199.323,16,
199.372,25,
199.421,38,
199.47,19,
199.518,76,
199.567,71,
199.616,54,
199.665,36,
199.714,15,
199.763,61,
199.811,51,
199.86,75,
199.909,68,
199.958,16,
200.007,13,
200.055,43,
200.104,59,
200.153,52,
200.202,24,
200.25,15,
200.299,25,
200.348,46,
200.397,45,
200.445,64,
200.494,20,
200.543,86,
200.592,45,
200.64,25,
200.689,43,
200.738,74,
200.787,2,
200.835,25,
200.884,20,
200.933,74,
200.981,56,
201.03,43,
201.079,40,
201.127,50,
201.176,75,
201.225,78,
201.273,54,
201.322,39,
201.371,29,
201.419,65,
201.468,59,
201.516,67,
201.565,42,
201.614,49,
201.662,36,
201.711,24,
201.759,48,
201.808,32,
201.857,84,
201.905,51,
201.954,81,
202.002,84,
202.051,62,
202.099,59,
202.148,35,
202.197,20,
202.245,50,
202.294,47,
202.342,72,
202.391,53,
202.439,72,
202.488,39,
202.536,72,
202.585,72,
202.633,84,
202.682,59,
202.73,58,
202.779,46,
202.827,58,
202.876,64,
202.924,68,
202.973,59,
203.021,48,
203.069,15,
203.118,39,
203.166,90,
203.215,92,
203.263,52,
203.312,38,
203.36,59,
203.408,65,
203.457,49,
203.505,67,
203.554,13,
203.602,34,
203.65,13,
203.699,65,
203.747,45,
203.795,90,
203.844,9,
203.892,56,
203.941,117,
203.989,94,
204.037,69,
204.086,72,
204.134,38,
204.182,52,
204.23,64,
204.279,54,
204.327,64,
204.375,54,
204.424,57,
204.472,47,
204.52,58,
204.569,56,
204.617,65,
204.665,54,
204.713,67,
204.762,92,
204.81,60,
204.858,126,
204.906,54,
204.955,46,
205.003,45,
205.051,74,
205.099,93,
205.147,93,
205.196,81,
205.244,77,
205.292,63,
205.34,54,
205.388,113,
205.437,73,
205.485,57,
205.533,39,
205.581,56,
205.629,102,
205.677,124,
205.725,102,
205.774,80,
205.822,99,
205.87,103,
205.918,70,
205.966,53,
206.014,116,
206.062,66,
206.11,63,
206.158,88,
206.207,108,
206.255,103,
206.303,113,
206.351,54,
206.399,56,
206.447,109,
206.495,97,
206.543,111,
206.591,106,
206.639,68,
206.687,76,
206.735,90,
206.783,88,
206.831,88,
206.879,76,
206.927,97,
206.975,99,
207.023,101,
207.071,101,
207.119,74,
207.167,93,
207.215,106,
207.263,143,
207.311,157,
207.359,89,
207.407,101,
207.455,66,
207.503,81,
207.551,71,
207.599,88,
207.646,86,
207.694,84,
207.742,73,
207.79,90,
207.838,81,
207.886,154,
207.934,83,
207.982,69,
208.03,81,
208.077,101,
208.125,108,
208.173,95,
208.221,109,
208.269,88,
208.317,121,
208.365,102,
208.412,106,
208.46,100,
208.508,95,
208.556,71,
208.604,104,
208.651,108,
208.699,104,
208.747,90,
208.795,66,
208.843,79,
208.89,63,
208.938,131,
208.986,130,
209.034,66,
209.081,65,
209.129,74,
209.177,150,
209.225,140,
209.272,120,
209.32,115,
209.368,77,
209.415,54,
209.463,95,
209.511,110,
209.559,102,
209.606,91,
209.654,90,
209.702,131,
209.749,140,
209.797,88,
209.845,90,
209.892,70,
209.94,77,
209.988,99,
210.035,100,
210.083,99,
210.13,113,
210.178,136,
210.226,108,
210.273,113,
210.321,147,
210.368,88,
210.416,110,
210.464,111,
210.511,122,
210.559,139,
210.606,142,
210.654,93,
210.701,106,
210.749,80,
210.797,123,
210.844,133,
210.892,134,
210.939,77,
210.987,101,
211.034,115,
211.082,149,
211.129,113,
211.177,127,
211.224,104,
211.272,117,
211.319,136,
211.367,133,
211.414,149,
211.462,172,
211.509,129,
211.556,120,
211.604,122,
211.651,159,
211.699,127,
211.746,131,
211.794,144,
211.841,162,
211.889,190,
211.936,144,
211.983,147,
212.031,140,
212.078,122,
212.125,152,
212.173,185,
212.22,203,
212.268,207,
212.315,317,
212.362,513,
212.41,768,
212.457,906,
212.504,670,
212.552,348,
212.599,217,
212.646,190,
212.694,156,
212.741,199,
212.788,208,
212.836,185,
212.883,162,
212.93,164,
212.977,156,
213.025,183,
213.072,155,
213.119,142,
213.167,178,
213.214,125,
213.261,128,
213.308,185,
213.356,174,
213.403,180,
213.45,131,
213.497,163,
213.544,167,
213.592,149,
213.639,190,
213.686,165,
213.733,150,
213.78,154,
213.828,178,
213.875,219,
213.922,174,
213.969,186,
214.016,125,
214.063,154,
214.111,168,
214.158,163,
214.205,133,
214.252,151,
214.299,129,
214.346,174,
214.393,177,
214.44,220,
214.488,144,
214.535,118,
214.582,193,
214.629,162,
214.676,158,
214.723,115,
214.77,167,
214.817,165,
214.864,163,
214.911,171,
214.958,192,
215.005,176,
215.052,156,
215.099,126,
215.146,190,
215.193,158,
215.24,186,
215.287,177,
215.334,187,
215.381,167,
215.428,192,
215.475,163,
215.522,163,
215.569,168,
215.616,172,
215.663,174,
215.71,168,
215.757,154,
215.804,190,
215.851,122,
215.898,129,
215.945,181,
215.992,180,
216.039,204,
216.085,195,
216.132,156,
216.179,192,
216.226,165,
216.273,155,
216.32,217,
216.367,161,
216.414,172,
216.461,141,
216.507,165,
216.554,175,
216.601,177,
216.648,208,
216.695,202,
216.742,210,
216.788,249,
216.835,187,
216.882,215,
216.929,158,
216.976,174,
217.022,162,
217.069,199,
217.116,203,
217.163,181,
217.209,187,
217.256,183,
217.303,219,
217.35,215,
217.396,246,
217.443,222,
217.49,219,
217.537,195,
217.583,251,
217.63,190,
217.677,217,
217.724,161,
217.77,176,
217.817,178,
217.864,187,
217.91,192,
217.957,178,
218.004,226,
218.05,183,
218.097,170,
218.144,144,
218.19,170,
218.237,185,
218.283,158,
218.33,160,
218.377,194,
218.423,179,
218.47,195,
218.517,168,
218.563,185,
218.61,190,
218.656,235,
218.703,195,
218.75,232,
218.796,243,
218.843,199,
218.889,217,
218.936,211,
218.982,144,
219.029,189,
219.075,197,
219.122,176,
219.168,204,
219.215,179,
219.261,235,
219.308,188,
219.354,206,
219.401,190,
219.447,184,
219.494,162,
219.54,169,
219.587,188,
219.633,172,
219.68,179,
219.726,194,
219.773,227,
219.819,201,
219.866,219,
219.912,178,
219.958,236,
220.005,257,
220.051,228,
220.098,240,
220.144,188,
220.19,222,
220.237,228,
220.283,233,
220.33,191,
220.376,210,
220.422,244,
220.469,302,
220.515,319,
220.561,292,
220.608,231,
220.654,221,
220.7,222,
220.747,281,
220.793,385,
220.839,549,
220.886,498,
220.932,382,
220.978,441,
221.025,572,
221.071,660,
221.117,791,
221.163,978,
221.21,634,
221.256,527,
221.302,435,
221.348,298,
221.395,267,
221.441,289,
221.487,235,
221.533,262,
221.58,281,
221.626,416,
221.672,818,
221.718,1010,
221.764,825,
221.811,606,
221.857,642,
221.903,484,
221.949,317,
221.995,278,
222.041,267,
222.088,301,
222.134,257,
222.18,260,
222.226,256,
222.272,228,
222.318,212,
222.364,239,
222.411,163,
222.457,198,
222.503,249,
222.549,181,
222.595,227,
222.641,199,
222.687,280,
222.733,242,
222.779,256,
222.825,219,
222.871,210,
222.917,265,
222.963,280,
223.009,220,
223.055,242,
223.102,275,
223.148,204,
223.194,235,
223.24,259,
223.286,228,
223.332,202,
223.378,233,
223.424,199,
223.469,242,
223.515,230,
223.561,231,
223.607,212,
223.653,156,
223.699,219,
223.745,256,
223.791,212,
223.837,265,
223.883,176,
223.929,239,
223.975,192,
224.021,214,
224.067,190,
224.113,267,
224.158,190,
224.204,190,
224.25,292,
224.296,187,
224.342,253,
224.388,209,
224.434,197,
224.48,223,
224.525,206,
224.571,221,
224.617,232,
224.663,222,
224.709,255,
224.754,215,
224.8,217,
224.846,199,
224.892,221,
224.938,213,
224.983,196,
225.029,186,
225.075,174,
225.121,208,
225.167,192,
225.212,174,
225.258,233,
225.304,228,
225.35,271,
225.395,212,
225.441,222,
225.487,275,
225.532,204,
225.578,203,
225.624,278,
225.67,246,
225.715,231,
225.761,251,
225.807,269,
225.852,241,
225.898,276,
225.944,265,
225.989,267,
226.035,285,
226.08,226,
226.126,326,
226.172,284,
226.217,294,
226.263,314,
226.309,389,
226.354,467,
226.4,590,
226.445,588,
226.491,395,
226.537,299,
226.582,333,
226.628,246,
226.673,289,
226.719,259,
226.764,301,
226.81,336,
226.855,434,
226.901,597,
226.947,793,
226.992,820,
227.038,593,
227.083,391,
227.129,359,
227.174,332,
227.22,281,
227.265,303,
227.311,249,
227.356,264,
227.402,312,
227.447,213,
227.492,278,
227.538,233,
227.583,274,
227.629,256,
227.674,281,
227.72,235,
227.765,245,
227.81,255,
227.856,273,
227.901,236,
227.947,244,
227.992,217,
228.037,271,
228.083,255,
228.128,226,
228.174,256,
228.219,269,
228.264,240,
228.31,231,
228.355,249,
228.4,253,
228.446,260,
228.491,319,
228.536,244,
228.582,267,
228.627,242,
228.672,228,
228.717,270,
228.763,256,
228.808,240,
228.853,280,
228.899,263,
228.944,319,
228.989,264,
229.034,313,
229.08,248,
229.125,280,
229.17,285,
229.215,257,
229.261,283,
229.306,307,
229.351,243,
229.396,328,
229.441,267,
229.487,325,
229.532,328,
229.577,420,
229.622,404,
229.667,414,
229.712,433,
229.758,411,
229.803,344,
229.848,355,
229.893,289,
229.938,290,
229.983,309,
230.028,295,
230.074,271,
230.119,298,
230.164,255,
230.209,286,
230.254,316,
230.299,313,
230.344,328,
230.389,317,
230.434,264,
230.479,300,
230.524,298,
230.569,208,
230.614,281,
230.66,259,
230.705,233,
230.75,315,
230.795,272,
230.84,354,
230.885,287,
230.93,276,
230.975,276,
231.02,237,
231.065,239,
231.11,271,
231.155,235,
231.199,284,
231.244,279,
231.289,256,
231.334,292,
231.379,280,
231.424,323,
231.469,264,
231.514,260,
231.559,251,
231.604,273,
231.649,199,
231.694,243,
231.739,229,
231.783,233,
231.828,298,
231.873,233,
231.918,280,
231.963,262,
232.008,311,
232.053,280,
232.098,280,
232.142,231,
232.187,246,
232.232,275,
232.277,312,
232.322,272,
232.366,249,
232.411,249,
232.456,247,
232.501,285,
232.546,237,
232.59,240,
232.635,285,
232.68,260,
232.725,274,
232.769,346,
232.814,300,
232.859,320,
232.904,215,
232.948,238,
232.993,248,
233.038,264,
233.083,294,
233.127,305,
233.172,244,
233.217,367,
233.261,353,
233.306,400,
233.351,416,
233.395,341,
233.44,256,
233.485,253,
233.529,310,
233.574,249,
233.619,283,
233.663,359,
233.708,327,
233.752,248,
233.797,345,
233.842,407,
233.886,331,
233.931,326,
233.975,325,
234.02,294,
234.065,307,
234.109,249,
234.154,319,
234.198,292,
234.243,344,
234.287,267,
234.332,452,
234.377,552,
234.421,712,
234.466,488,
234.51,410,
234.555,307,
234.599,350,
234.644,301,
234.688,310,
234.733,288,
234.777,333,
234.822,403,
234.866,514,
234.91,520,
234.955,357,
234.999,367,
235.044,332,
235.088,258,
235.133,305,
235.177,310,
235.221,285,
235.266,278,
235.31,282,
235.355,298,
235.399,253,
235.443,267,
235.488,300,
235.532,298,
235.577,331,
235.621,290,
235.665,257,
235.71,346,
235.754,348,
235.798,249,
235.843,301,
235.887,319,
235.931,396,
235.976,483,
236.02,429,
236.064,425,
236.109,364,
236.153,334,
236.197,301,
236.241,350,
236.286,373,
236.33,325,
236.374,300,
236.418,321,
236.463,375,
236.507,444,
236.551,439,
236.595,479,
236.64,440,
236.684,660,
236.728,969,
236.772,1146,
236.816,904,
236.861,740,
236.905,569,
236.949,484,
236.993,508,
237.037,476,
237.082,489,
237.126,488,
237.17,500,
237.214,613,
237.258,815,
237.302,1175,
237.346,1486,
237.39,1624,
237.435,1264,
237.479,871,
237.523,608,
237.567,492,
237.611,455,
237.655,394,
237.699,362,
237.743,418,
237.787,468,
237.831,427,
237.875,431,
237.919,434,
237.963,362,
238.008,416,
238.052,404,
238.096,345,
238.14,402,
238.184,774,
238.228,1116,
238.272,1255,
238.316,709,
238.36,547,
238.404,477,
238.447,359,
238.491,432,
238.535,321,
238.579,353,
238.623,303,
238.667,343,
238.711,292,
238.755,358,
238.799,349,
238.843,397,
238.887,551,
238.931,452,
238.975,457,
239.019,342,
239.062,305,
239.106,346,
239.15,288,
239.194,284,
239.238,326,
239.282,343,
239.326,316,
239.369,322,
239.413,314,
239.457,326,
239.501,409,
239.545,599,
239.589,928,
239.632,957,
239.676,594,
239.72,452,
239.764,367,
239.807,348,
239.851,309,
239.895,377,
239.939,440,
239.983,529,
240.026,452,
240.07,375,
240.114,325,
240.158,307,
240.201,276,
240.245,298,
240.289,291,
240.332,327,
240.376,305,
240.42,314,
240.463,504,
240.507,610,
240.551,731,
240.594,471,
240.638,434,
240.682,527,
240.725,451,
240.769,325,
240.813,387,
240.856,332,
240.9,307,
240.944,271,
240.987,319,
241.031,428,
241.074,523,
241.118,678,
241.162,495,
241.205,493,
241.249,385,
241.292,323,
241.336,397,
241.379,398,
241.423,298,
241.466,323,
241.51,260,
241.554,281,
241.597,302,
241.641,289,
241.684,312,
241.728,298,
241.771,350,
241.815,362,
241.858,287,
241.902,301,
241.945,247,
241.989,291,
242.032,269,
242.075,298,
242.119,321,
242.162,275,
242.206,248,
242.249,276,
242.293,249,
242.336,301,
242.379,342,
242.423,285,
242.466,346,
242.51,339,
242.553,292,
242.596,342,
242.64,236,
242.683,283,
242.727,305,
242.77,280,
242.813,285,
242.857,251,
242.9,292,
242.943,324,
242.987,332,
243.03,407,
243.073,343,
243.116,328,
243.16,372,
243.203,290,
243.246,308,
243.29,400,
243.333,339,
243.376,362,
243.419,359,
243.463,626,
243.506,1033,
243.549,1397,
243.592,1282,
243.636,708,
243.679,495,
243.722,405,
243.765,389,
243.809,332,
243.852,314,
243.895,397,
243.938,439,
243.981,394,
244.024,398,
244.068,357,
244.111,386,
244.154,288,
244.197,298,
244.24,235,
244.283,313,
244.327,382,
244.37,303,
244.413,380,
244.456,328,
244.499,307,
244.542,346,
244.585,341,
244.628,296,
244.671,307,
244.714,284,
244.757,324,
244.801,350,
244.844,269,
244.887,260,
244.93,275,
244.973,287,
245.016,321,
245.059,310,
245.102,210,
245.145,287,
245.188,327,
245.231,321,
245.274,324,
245.317,323,
245.36,303,
245.403,228,
245.446,310,
245.489,296,
245.532,280,
245.575,280,
245.617,209,
245.66,303,
245.703,272,
245.746,282,
245.789,316,
245.832,285,
245.875,301,
245.918,339,
245.961,366,
246.004,280,
246.047,305,
246.089,245,
246.132,330,
246.175,297,
246.218,357,
246.261,359,
246.304,397,
246.347,407,
246.389,370,
246.432,271,
246.475,319,
246.518,337,
246.561,341,
246.603,316,
246.646,300,
246.689,302,
246.732,344,
246.775,301,
246.817,303,
246.86,310,
246.903,253,
246.946,379,
246.988,361,
247.031,353,
247.074,298,
247.116,296,
247.159,325,
247.202,310,
247.245,316,
247.287,391,
247.33,463,
247.373,364,
247.415,349,
247.458,349,
247.501,370,
247.543,357,
247.586,367,
247.629,409,
247.671,429,
247.714,445,
247.756,549,
247.799,807,
247.842,2070,
247.884,3196,
247.927,3860,
247.97,1887,
248.012,1312,
248.055,836,
248.097,554,
248.14,480,
248.182,413,
248.225,391,
248.267,531,
248.31,627,
248.353,771,
248.395,795,
248.438,655,
248.48,554,
248.523,422,
248.565,359,
248.608,316,
248.65,375,
248.693,360,
248.735,371,
248.778,438,
248.82,570,
248.863,702,
248.905,497,
248.947,396,
248.99,499,
249.032,488,
249.075,533,
249.117,723,
249.16,718,
249.202,522,
249.244,397,
249.287,358,
249.329,439,
249.372,482,
249.414,428,
249.456,355,
249.499,314,
249.541,303,
249.583,269,
249.626,354,
249.668,368,
249.71,380,
249.753,387,
249.795,443,
249.837,397,
249.88,366,
249.922,464,
249.964,399,
250.007,282,
250.049,305,
250.091,400,
250.133,395,
250.176,421,
250.218,371,
250.26,362,
250.302,355,
250.345,352,
250.387,362,
250.429,341,
250.471,357,
250.513,316,
250.556,344,
250.598,409,
250.64,920,
250.682,2102,
250.724,3057,
250.767,2832,
250.809,1243,
250.851,857,
250.893,468,
250.935,388,
250.977,409,
251.019,400,
251.062,469,
251.104,545,
251.146,613,
251.188,527,
251.23,477,
251.272,515,
251.314,425,
251.356,493,
251.398,1268,
251.44,2308,
251.483,3307,
251.525,2127,
251.567,2227,
251.609,4100,
251.651,5705,
251.693,4633,
251.735,2053,
251.777,1403,
251.819,819,
251.861,936,
251.903,1661,
251.945,2273,
251.987,2572,
252.029,1284,
252.071,841,
252.113,574,
252.155,495,
252.197,404,
252.239,509,
252.281,626,
252.322,866,
252.364,1191,
252.406,2107,
252.448,3182,
252.49,2694,
252.532,1284,
252.574,999,
252.616,602,
252.658,604,
252.7,495,
252.741,673,
252.783,852,
252.825,1842,
252.867,2808,
252.909,3555,
252.951,1899,
252.993,1211,
253.034,748,
253.076,602,
253.118,463,
253.16,400,
253.202,391,
253.243,452,
253.285,454,
253.327,464,
253.369,436,
253.41,383,
253.452,401,
253.494,438,
253.536,426,
253.577,388,
253.619,400,
253.661,375,
253.703,357,
253.744,422,
253.786,380,
253.828,319,
253.87,352,
253.911,423,
253.953,479,
253.995,405,
254.036,290,
254.078,325,
254.12,389,
254.161,416,
254.203,391,
254.244,359,
254.286,341,
254.328,353,
254.369,346,
254.411,300,
254.453,345,
254.494,273,
254.536,285,
254.577,357,
254.619,344,
254.66,466,
254.702,319,
254.744,333,
254.785,287,
254.827,282,
254.868,255,
254.91,326,
254.951,387,
254.993,420,
255.034,377,
255.076,306,
255.117,304,
255.159,283,
255.2,312,
255.242,285,
255.283,237,
255.325,276,
255.366,287,
255.408,273,
255.449,233,
255.491,277,
255.532,287,
255.573,271,
255.615,262,
255.656,278,
255.698,309,
255.739,287,
255.781,289,
255.822,273,
255.863,249,
255.905,256,
255.946,278,
255.987,293,
256.029,286,
256.07,235,
256.111,317,
256.153,303,
256.194,285,
256.235,421,
256.277,468,
256.318,526,
256.359,402,
256.401,417,
256.442,287,
256.483,344,
256.525,305,
256.566,328,
256.607,302,
256.648,368,
256.69,378,
256.731,445,
256.772,608,
256.813,821,
256.855,931,
256.896,644,
256.937,468,
256.978,385,
257.019,318,
257.061,379,
257.102,326,
257.143,365,
257.184,284,
257.225,325,
257.266,291,
257.308,321,
257.349,378,
257.39,341,
257.431,361,
257.472,581,
257.513,1108,
257.554,1483,
257.596,1402,
257.637,906,
257.678,579,
257.719,464,
257.76,359,
257.801,415,
257.842,373,
257.883,319,
257.924,269,
257.965,346,
258.006,355,
258.047,352,
258.088,305,
258.129,292,
258.17,309,
258.211,293,
258.252,305,
258.293,364,
258.334,371,
258.375,298,
258.416,303,
258.457,347,
258.498,355,
258.539,356,
258.58,574,
258.621,662,
258.662,570,
258.703,385,
258.744,322,
258.785,283,
258.826,312,
258.867,319,
258.908,344,
258.949,298,
258.989,277,
259.03,301,
259.071,317,
259.112,287,
259.153,346,
259.194,394,
259.235,346,
259.275,341,
259.316,339,
259.357,344,
259.398,402,
259.439,432,
259.48,337,
259.52,253,
259.561,305,
259.602,280,
259.643,249,
259.684,252,
259.724,306,
259.765,321,
259.806,504,
259.847,680,
259.887,942,
259.928,1155,
259.969,1576,
260.009,1314,
260.05,577,
260.091,494,
260.132,353,
260.172,260,
260.213,350,
260.254,245,
260.294,292,
260.335,266,
260.376,313,
260.416,323,
260.457,338,
260.498,283,
260.538,350,
260.579,434,
260.62,431,
260.66,414,
260.701,636,
260.741,719,
260.782,632,
260.823,398,
260.863,386,
260.904,296,
260.944,260,
260.985,208,
261.025,333,
261.066,307,
261.107,343,
261.147,464,
261.188,758,
261.228,898,
261.269,613,
261.309,398,
261.35,371,
261.39,452,
261.431,608,
261.471,427,
261.512,355,
261.552,307,
261.593,282,
261.633,258,
261.673,244,
261.714,310,
261.754,391,
261.795,479,
261.835,411,
261.876,310,
261.916,305,
261.956,287,
261.997,326,
262.037,310,
262.078,278,
262.118,250,
262.158,348,
262.199,361,
262.239,347,
262.279,274,
262.32,275,
262.36,292,
262.4,301,
262.441,284,
262.481,309,
262.521,380,
262.562,416,
262.602,482,
262.642,491,
262.683,327,
262.723,351,
262.763,242,
262.803,341,
262.844,392,
262.884,470,
262.924,380,
262.964,393,
263.005,392,
263.045,459,
263.085,807,
263.125,1400,
263.166,1750,
263.206,1298,
263.246,721,
263.286,558,
263.326,364,
263.366,359,
263.407,307,
263.447,281,
263.487,254,
263.527,273,
263.567,335,
263.607,333,
263.647,297,
263.688,274,
263.728,233,
263.768,339,
263.808,287,
263.848,274,
263.888,299,
263.928,310,
263.968,283,
264.008,267,
264.048,292,
264.088,262,
264.128,349,
264.169,337,
264.209,287,
264.249,273,
264.289,235,
264.329,330,
264.369,284,
264.409,299,
264.449,337,
264.489,353,
264.529,317,
264.569,384,
264.609,334,
264.648,307,
264.688,355,
264.728,364,
264.768,330,
264.808,332,
264.848,298,
264.888,268,
264.928,244,
264.968,292,
265.008,258,
265.048,287,
265.088,312,
265.127,259,
265.167,251,
265.207,309,
265.247,536,
265.287,648,
265.327,556,
265.367,380,
265.406,303,
265.446,328,
265.486,287,
265.526,308,
265.566,321,
265.606,258,
265.645,275,
265.685,246,
265.725,298,
265.765,233,
265.804,328,
265.844,314,
265.884,260,
265.924,317,
265.963,302,
266.003,362,
266.043,714,
266.083,832,
266.122,766,
266.162,470,
266.202,392,
266.241,386,
266.281,275,
266.321,297,
266.36,274,
266.4,308,
266.44,304,
266.479,287,
266.519,277,
266.559,254,
266.598,228,
266.638,269,
266.678,262,
266.717,265,
266.757,278,
266.796,303,
266.836,251,
266.876,234,
266.915,275,
266.955,235,
266.994,263,
267.034,249,
267.073,220,
267.113,246,
267.152,246,
267.192,288,
267.232,251,
267.271,253,
267.311,226,
267.35,270,
267.39,226,
267.429,274,
267.469,294,
267.508,240,
267.547,212,
267.587,260,
267.626,244,
267.666,244,
267.705,248,
267.745,274,
267.784,265,
267.824,269,
267.863,265,
267.902,302,
267.942,319,
267.981,336,
268.021,287,
268.06,226,
268.099,298,
268.139,279,
268.178,210,
268.217,283,
268.257,312,
268.296,246,
268.335,240,
268.348,90,
268.42,90,
268.491,97,
268.563,74,
268.634,101,
268.706,91,
268.777,73,
268.849,116,
268.92,127,
268.992,91,
269.063,144,
269.135,79,
269.206,118,
269.278,125,
269.349,157,
269.421,104,
269.492,123,
269.564,132,
269.635,108,
269.707,99,
269.778,149,
269.85,153,
269.921,117,
269.993,110,
270.064,137,
270.135,103,
270.207,149,
270.278,116,
270.35,119,
270.421,153,
270.493,102,
270.564,108,
270.636,152,
270.707,161,
270.778,137,
270.85,156,
270.921,130,
270.993,111,
271.064,143,
271.135,183,
271.207,144,
271.278,168,
271.35,151,
271.421,149,
271.492,168,
271.564,165,
271.635,143,
271.706,206,
271.778,200,
271.849,214,
271.92,198,
271.992,149,
272.063,136,
272.134,164,
272.206,125,
272.277,312,
272.348,204,
272.42,180,
272.491,249,
272.562,177,
272.634,166,
272.705,211,
272.776,195,
272.848,154,
272.919,137,
272.99,170,
273.061,218,
273.133,211,
273.204,169,
273.275,202,
273.347,170,
273.418,174,
273.489,173,
273.56,171,
273.632,211,
273.703,197,
273.774,214,
273.845,171,
273.916,220,
273.988,213,
274.059,240,
274.13,216,
274.201,216,
274.273,310,
274.344,396,
274.415,199,
274.486,189,
274.557,221,
274.629,289,
274.7,290,
274.771,187,
274.842,188,
274.913,209,
274.984,386,
275.056,416,
275.127,221,
275.198,288,
275.269,477,
275.34,384,
275.411,210,
275.482,168,
275.554,165,
275.625,197,
275.696,228,
275.767,192,
275.838,286,
275.909,526,
275.98,285,
276.051,173,
276.122,195,
276.194,173,
276.265,161,
276.336,187,
276.407,191,
276.478,204,
276.549,189,
276.62,156,
276.691,149,
276.762,171,
276.833,183,
276.904,182,
276.975,148,
277.046,198,
277.117,180,
277.188,215,
277.259,157,
277.33,204,
277.401,159,
277.472,182,
277.543,206,
277.614,160,
277.685,191,
277.756,154,
277.827,137,
277.898,182,
277.969,154,
278.04,168,
278.111,201,
278.182,202,
278.253,319,
278.324,234,
278.395,197,
278.466,209,
278.537,189,
278.608,192,
278.679,221,
278.75,204,
278.821,188,
278.891,199,
278.962,151,
279.033,221,
279.104,215,
279.175,221,
279.246,204,
279.317,291,
279.388,334,
279.459,194,
279.529,228,
279.6,254,
279.671,369,
279.742,903,
279.813,4456,
279.884,2759,
279.955,518,
280.025,413,
280.096,588,
280.167,355,
280.238,242,
280.309,288,
280.379,322,
280.45,700,
280.521,2943,
280.592,1839,
280.663,293,
280.733,253,
280.804,198,
280.875,193,
280.946,192,
281.017,207,
281.087,176,
281.158,184,
281.229,199,
281.3,171,
281.37,197,
281.441,182,
281.512,224,
281.583,272,
281.653,214,
281.724,177,
281.795,218,
281.865,309,
281.936,264,
282.007,219,
282.077,243,
282.148,209,
282.219,238,
282.29,197,
282.36,231,
282.431,180,
282.502,201,
282.572,225,
282.643,175,
282.713,187,
282.784,221,
282.855,182,
282.925,211,
282.996,191,
283.067,144,
283.137,228,
283.208,185,
283.278,245,
283.349,223,
283.42,164,
283.49,201,
283.561,168,
283.631,232,
283.702,228,
283.773,204,
283.843,242,
283.914,251,
283.984,234,
284.055,285,
284.125,214,
284.196,190,
284.266,231,
284.337,238,
284.408,194,
284.478,212,
284.549,272,
284.619,243,
284.69,258,
284.76,237,
284.831,208,
284.901,192,
284.972,219,
285.042,267,
285.112,224,
285.183,225,
285.253,180,
285.324,392,
285.394,1541,
285.465,1538,
285.535,288,
285.606,310,
285.676,228,
285.746,238,
285.817,254,
285.887,192,
285.958,248,
286.028,228,
286.099,283,
286.169,202,
286.239,206,
286.31,260,
286.38,244,
286.45,252,
286.521,261,
286.591,197,
286.662,250,
286.732,210,
286.802,254,
286.873,256,
286.943,244,
287.013,246,
287.084,226,
287.154,258,
287.224,228,
287.295,265,
287.365,225,
287.435,237,
287.505,240,
287.576,257,
287.646,241,
287.716,231,
287.787,215,
287.857,233,
287.927,356,
287.997,264,
288.068,299,
288.138,310,
288.208,563,
288.278,1620,
288.348,6345,
288.419,1966,
288.489,625,
288.559,504,
288.629,361,
288.7,272,
288.77,291,
288.84,329,
288.91,258,
288.98,278,
289.05,303,
289.121,270,
289.191,286,
289.261,256,
289.331,292,
289.401,255,
289.471,227,
289.542,263,
289.612,218,
289.682,294,
289.752,290,
289.822,249,
289.892,266,
289.962,269,
290.032,240,
290.102,247,
290.172,228,
290.243,280,
290.313,293,
290.383,247,
290.453,292,
290.523,257,
290.593,319,
290.663,300,
290.733,280,
290.803,249,
290.873,251,
290.943,256,
291.013,317,
291.083,334,
291.153,244,
291.223,294,
291.293,308,
291.363,329,
291.433,259,
291.503,237,
291.573,216,
291.643,327,
291.713,287,
291.783,268,
291.853,328,
291.923,281,
291.993,300,
292.063,307,
292.132,300,
292.202,282,
292.272,296,
292.342,259,
292.412,261,
292.482,354,
292.552,264,
292.622,333,
292.692,303,
292.761,278,
292.831,272,
292.901,310,
292.971,333,
293.041,310,
293.111,339,
293.181,308,
293.25,341,
293.32,298,
293.39,232,
293.46,278,
293.53,254,
293.599,282,
293.669,273,
293.739,287,
293.809,420,
293.879,473,
293.948,341,
294.018,291,
294.088,298,
294.158,276,
294.227,336,
294.297,355,
294.367,338,
294.437,321,
294.506,297,
294.576,273,
294.646,341,
294.715,276,
294.785,289,
294.855,352,
294.925,516,
294.994,479,
295.064,367,
295.134,333,
295.203,267,
295.273,247,
295.343,259,
295.412,296,
295.482,357,
295.551,436,
295.621,283,
295.691,295,
295.76,406,
295.83,386,
295.9,316,
295.969,278,
296.039,369,
296.108,376,
296.178,336,
296.247,299,
296.317,344,
296.387,346,
296.456,321,
296.526,352,
296.595,320,
296.665,359,
296.734,367,
296.804,605,
296.873,347,
296.943,355,
297.012,276,
297.082,344,
297.151,393,
297.221,329,
297.29,312,
297.36,330,
297.429,586,
297.499,403,
297.568,299,
297.638,379,
297.707,295,
297.776,351,
297.846,337,
297.915,306,
297.985,355,
298.054,357,
298.123,317,
298.193,330,
298.262,362,
298.332,380,
298.401,396,
298.47,588,
298.54,446,
298.609,343,
298.679,312,
298.748,395,
298.817,420,
298.887,636,
298.956,338,
299.025,377,
299.094,369,
299.164,336,
299.233,285,
299.302,267,
299.372,311,
299.441,298,
299.51,439,
299.58,477,
299.649,346,
299.718,317,
299.787,261,
299.857,361,
299.926,338,
299.995,281,
300.064,393,
300.133,415,
300.203,514,
300.272,288,
300.341,305,
300.41,348,
300.479,316,
300.549,328,
300.618,358,
300.687,291,
300.756,377,
300.825,377,
300.894,428,
300.964,415,
301.033,336,
301.102,315,
301.171,298,
301.24,305,
301.309,350,
301.378,326,
301.447,310,
301.516,394,
301.586,322,
301.655,325,
301.724,308,
301.793,305,
301.862,360,
301.931,339,
302,357,
302.069,397,
302.138,892,
302.207,883,
302.276,408,
302.345,351,
302.414,346,
302.483,281,
302.552,331,
302.621,364,
302.69,426,
302.759,358,
302.828,331,
302.897,282,
302.966,324,
303.035,276,
303.104,348,
303.173,322,
303.242,312,
303.31,298,
303.379,333,
303.448,257,
303.517,285,
303.586,275,
303.655,307,
303.724,315,
303.793,374,
303.862,423,
303.93,255,
303.999,284,
304.068,317,
304.137,277,
304.206,226,
304.275,341,
304.343,316,
304.412,305,
304.481,321,
304.55,283,
304.619,323,
304.687,319,
304.756,329,
304.825,495,
304.894,384,
304.962,319,
305.031,305,
305.1,382,
305.169,366,
305.237,259,
305.306,310,
305.375,277,
305.444,307,
305.512,348,
305.581,382,
305.65,321,
305.718,296,
305.787,401,
305.856,459,
305.924,360,
305.993,548,
306.062,360,
306.13,322,
306.199,301,
306.268,285,
306.336,291,
306.405,305,
306.473,362,
306.542,329,
306.611,325,
306.679,449,
306.748,535,
306.816,396,
306.885,307,
306.953,291,
307.022,277,
307.09,291,
307.159,319,
307.228,344,
307.296,428,
307.365,490,
307.433,434,
307.502,321,
307.57,534,
307.639,546,
307.707,288,
307.776,326,
307.844,285,
307.912,636,
307.981,568,
308.049,368,
308.118,389,
308.186,626,
308.255,2455,
308.323,3826,
308.391,890,
308.46,488,
308.528,322,
308.597,408,
308.665,286,
308.733,367,
308.802,437,
308.87,984,
308.938,509,
309.007,454,
309.075,495,
309.143,422,
309.212,679,
309.28,1604,
309.348,6585,
309.417,2869,
309.485,812,
309.553,597,
309.622,494,
309.69,409,
309.758,412,
309.826,426,
309.895,355,
309.963,310,
310.031,399,
310.099,370,
310.167,322,
310.236,357,
310.304,298,
310.372,331,
310.44,357,
310.508,354,
310.577,311,
310.645,369,
310.713,480,
310.781,305,
310.849,288,
310.917,233,
310.986,248,
311.054,288,
311.122,276,
311.19,302,
311.258,255,
311.326,281,
311.394,245,
311.462,339,
311.53,300,
311.598,286,
311.666,335,
311.735,331,
311.803,343,
311.871,344,
311.939,293,
312.007,324,
312.075,312,
312.143,321,
312.211,275,
312.279,223,
312.347,286,
312.415,326,
312.483,285,
312.551,310,
312.619,283,
312.686,315,
312.754,313,
312.822,280,
312.89,295,
312.958,285,
313.026,290,
313.094,321,
313.162,362,
313.23,315,
313.298,264,
313.366,255,
313.433,305,
313.501,318,
313.569,319,
313.637,318,
313.705,300,
313.773,264,
313.84,283,
313.908,307,
313.976,276,
314.044,303,
314.112,265,
314.179,344,
314.247,344,
314.315,282,
314.383,314,
314.45,358,
314.518,301,
314.586,351,
314.654,205,
314.721,295,
314.789,260,
314.857,297,
314.925,353,
314.992,235,
315.06,295,
315.128,281,
315.195,326,
315.263,327,
315.331,367,
315.398,367,
315.466,387,
315.533,343,
315.601,348,
315.669,373,
315.736,401,
315.804,409,
315.871,450,
315.939,1176,
316.007,1339,
316.074,756,
316.142,595,
316.209,604,
316.277,525,
316.344,578,
316.412,338,
316.479,361,
316.547,317,
316.614,303,
316.682,302,
316.749,268,
316.817,273,
316.884,506,
316.952,526,
317.019,367,
317.087,378,
317.154,322,
317.222,351,
317.289,329,
317.357,384,
317.424,293,
317.491,297,
317.559,367,
317.626,352,
317.694,315,
317.761,384,
317.828,453,
317.896,607,
317.963,1441,
318.03,2799,
318.098,1435,
318.165,926,
318.232,835,
318.3,574,
318.367,451,
318.434,540,
318.501,370,
318.569,367,
318.636,386,
318.703,590,
318.771,468,
318.838,389,
318.905,340,
318.972,362,
319.039,273,
319.107,456,
319.174,590,
319.241,665,
319.308,594,
319.375,324,
319.443,317,
319.51,323,
319.577,377,
319.644,375,
319.711,313,
319.778,345,
319.845,357,
319.913,363,
319.98,403,
320.047,693,
320.114,550,
320.181,327,
320.248,403,
320.315,537,
320.382,433,
320.449,366,
320.516,331,
320.583,386,
320.65,285,
320.717,319,
320.784,330,
320.851,292,
320.918,300,
320.985,316,
321.052,358,
321.119,337,
321.186,403,
321.253,339,
321.32,382,
321.387,316,
321.454,405,
321.521,368,
321.588,346,
321.655,372,
321.722,449,
321.789,528,
321.855,425,
321.922,431,
321.989,310,
322.056,352,
322.123,320,
322.19,340,
322.257,349,
322.323,500,
322.39,495,
322.457,413,
322.524,417,
322.591,376,
322.657,423,
322.724,359,
322.791,322,
322.858,387,
322.924,492,
322.991,696,
323.058,492,
323.125,320,
323.191,374,
323.258,328,
323.325,428,
323.391,423,
323.458,638,
323.525,1901,
323.591,725,
323.658,565,
323.725,1389,
323.791,695,
323.858,396,
323.925,646,
323.991,1135,
324.058,591,
324.124,401,
324.191,384,
324.258,835,
324.324,639,
324.391,336,
324.457,367,
324.524,293,
324.59,340,
324.657,319,
324.723,324,
324.79,386,
324.856,376,
324.923,653,
324.989,466,
325.056,333,
325.122,403,
325.189,365,
325.255,479,
325.322,573,
325.388,691,
325.455,489,
325.521,473,
325.587,352,
325.654,348,
325.72,326,
325.787,368,
325.853,421,
325.919,378,
325.986,331,
326.052,401,
326.118,382,
326.185,468,
326.251,758,
326.317,401,
326.384,393,
326.45,320,
326.516,384,
326.583,379,
326.649,415,
326.715,350,
326.781,326,
326.848,345,
326.914,324,
326.98,334,
327.046,310,
327.113,394,
327.179,338,
327.245,444,
327.311,400,
327.377,334,
327.444,297,
327.51,372,
327.576,355,
327.642,372,
327.708,351,
327.774,345,
327.84,293,
327.906,448,
327.973,463,
328.039,407,
328.105,401,
328.171,325,
328.237,430,
328.303,396,
328.369,390,
328.435,362,
328.501,381,
328.567,384,
328.633,335,
328.699,362,
328.765,451,
328.831,543,
328.897,473,
328.963,415,
329.029,369,
329.095,427,
329.161,314,
329.227,337,
329.293,415,
329.359,329,
329.425,367,
329.49,298,
329.556,364,
329.622,328,
329.688,403,
329.754,411,
329.82,346,
329.886,322,
329.951,335,
330.017,252,
330.083,341,
330.149,338,
330.215,398,
330.281,456,
330.346,588,
330.412,473,
330.478,415,
330.544,351,
330.609,412,
330.675,361,
330.741,449,
330.807,399,
330.872,374,
330.938,403,
331.004,369,
331.069,429,
331.135,396,
331.201,331,
331.266,351,
331.332,374,
331.398,339,
331.463,351,
331.529,417,
331.594,382,
331.66,353,
331.726,381,
331.791,363,
331.857,398,
331.922,396,
331.988,382,
332.053,420,
332.119,334,
332.185,334,
332.25,490,
332.316,411,
332.381,815,
332.447,441,
332.512,377,
332.578,344,
332.643,444,
332.708,432,
332.774,437,
332.839,426,
332.905,346,
332.97,401,
333.036,800,
333.101,506,
333.166,552,
333.232,430,
333.297,478,
333.363,474,
333.428,400,
333.493,356,
333.559,455,
333.624,617,
333.689,455,
333.755,475,
333.82,439,
333.885,468,
333.95,420,
334.016,458,
334.081,506,
334.146,601,
334.211,598,
334.277,1382,
334.342,695,
334.407,471,
334.472,487,
334.538,451,
334.603,413,
334.668,408,
334.733,372,
334.798,408,
334.863,436,
334.928,728,
334.994,2392,
335.059,2340,
335.124,603,
335.189,482,
335.254,452,
335.319,413,
335.384,364,
335.449,433,
335.514,499,
335.579,789,
335.644,326,
335.709,363,
335.774,392,
335.84,382,
335.905,446,
335.969,465,
336.034,482,
336.099,497,
336.164,930,
336.229,2025,
336.294,577,
336.359,439,
336.424,358,
336.489,360,
336.554,382,
336.619,372,
336.684,370,
336.749,345,
336.814,377,
336.878,338,
336.943,350,
337.008,348,
337.073,455,
337.138,526,
337.203,645,
337.267,876,
337.332,955,
337.397,1284,
337.462,475,
337.526,415,
337.591,375,
337.656,372,
337.721,324,
337.785,424,
337.85,639,
337.915,337,
337.98,369,
338.044,435,
338.109,489,
338.174,495,
338.238,337,
338.303,317,
338.368,367,
338.432,716,
338.497,1131,
338.561,437,
338.626,374,
338.691,518,
338.755,447,
338.82,375,
338.884,572,
338.949,387,
339.013,315,
339.078,324,
339.142,319,
339.207,370,
339.271,320,
339.336,408,
339.4,394,
339.465,316,
339.529,357,
339.594,467,
339.658,394,
339.723,286,
339.787,283,
339.852,326,
339.916,312,
339.98,346,
340.045,350,
340.109,295,
340.173,295,
340.238,290,
340.302,309,
340.367,269,
340.431,317,
340.495,289,
340.559,320,
340.624,289,
340.688,261,
340.752,356,
340.817,296,
340.881,286,
340.945,329,
341.009,253,
341.074,295,
341.138,273,
341.202,266,
341.266,300,
341.33,247,
341.395,346,
341.459,274,
341.523,222,
341.587,314,
341.651,352,
341.715,279,
341.779,236,
341.844,257,
341.908,293,
341.972,289,
342.036,273,
342.1,263,
342.164,314,
342.228,225,
342.292,274,
342.356,314,
342.42,307,
342.484,298,
342.548,291,
342.612,322,
342.676,293,
342.74,249,
342.804,276,
342.868,237,
342.932,252,
342.996,264,
343.06,296,
343.124,288,
343.188,333,
343.251,260,
343.315,304,
343.379,286,
343.443,264,
343.507,252,
343.571,376,
343.635,339,
343.698,321,
343.762,263,
343.826,322,
343.89,359,
343.954,394,
344.017,374,
344.081,335,
344.145,678,
344.209,855,
344.272,394,
344.336,346,
344.4,290,
344.464,335,
344.527,449,
344.591,340,
344.655,324,
344.718,317,
344.782,280,
344.845,302,
344.909,326,
344.973,248,
345.036,266,
345.1,234,
345.164,305,
345.227,292,
345.291,327,
345.354,252,
345.418,284,
345.481,294,
345.545,291,
345.608,296,
345.672,251,
345.735,327,
345.799,327,
345.862,336,
345.926,284,
345.989,234,
346.053,275,
346.116,293,
346.18,288,
346.243,324,
346.306,317,
346.37,274,
346.433,245,
346.496,298,
346.56,283,
346.623,273,
346.687,348,
346.75,309,
346.813,320,
346.876,254,
346.94,267,
347.003,188,
347.066,316,
347.13,302,
347.193,280,
347.256,291,
347.319,252,
347.383,254,
347.446,245,
347.509,317,
347.572,316,
347.635,431,
347.699,423,
347.762,459,
347.825,324,
347.888,323,
347.951,293,
348.014,288,
348.077,291,
348.14,295,
348.204,290,
348.267,271,
348.33,315,
348.393,271,
348.456,294,
348.519,264,
348.582,237,
348.645,289,
348.708,321,
348.771,276,
348.834,287,
348.897,263,
348.96,194,
349.023,278,
349.086,297,
349.149,432,
349.212,468,
349.274,293,
349.337,295,
349.4,279,
349.463,261,
349.526,259,
349.589,216,
349.652,283,
349.715,272,
349.777,292,
349.84,301,
349.903,261,
349.966,307,
350.029,261,
350.091,250,
350.154,253,
350.217,249,
350.28,251,
350.342,286,
350.405,292,
350.468,244,
350.53,233,
350.593,453,
350.656,375,
350.718,257,
350.781,301,
350.844,264,
350.906,264,
350.969,269,
351.032,271,
351.094,307,
351.157,327,
351.219,427,
351.282,303,
351.344,205,
351.407,255,
351.47,276,
351.532,290,
351.595,254,
351.657,269,
351.72,302,
351.782,243,
351.845,307,
351.907,262,
351.969,261,
352.032,246,
352.094,307,
352.157,332,
352.219,331,
352.282,304,
352.344,216,
352.406,223,
352.469,237,
352.531,304,
352.593,360,
352.656,256,
352.718,317,
352.78,273,
352.843,285,
352.905,268,
352.967,288,
353.029,261,
353.092,281,
353.154,272,
353.216,276,
353.278,269,
353.341,309,
353.403,281,
353.465,297,
353.527,302,
353.589,271,
353.651,302,
353.714,330,
353.776,247,
353.838,271,
353.9,289,
353.962,313,
354.024,280,
354.086,282,
354.148,300,
354.21,319,
354.272,320,
354.334,279,
354.396,293,
354.458,307,
354.52,288,
354.582,273,
354.644,289,
354.706,293,
354.768,290,
354.83,379,
354.892,335,
354.954,343,
355.016,276,
355.078,303,
355.14,283,
355.202,259,
355.264,315,
355.325,284,
355.387,413,
355.449,308,
355.511,338,
355.573,366,
355.635,361,
355.696,341,
355.758,309,
355.82,326,
355.882,317,
355.943,392,
356.005,437,
356.067,327,
356.129,365,
356.19,258,
356.252,348,
356.314,329,
356.375,343,
356.437,303,
356.499,308,
356.56,310,
356.622,461,
356.683,627,
356.745,346,
356.807,238,
356.868,252,
356.93,264,
356.991,328,
357.053,329,
357.114,1021,
357.176,698,
357.237,283,
357.299,307,
357.36,300,
357.422,329,
357.483,305,
357.545,327,
357.606,324,
357.668,307,
357.729,324,
357.79,323,
357.852,355,
357.913,348,
357.975,435,
358.036,404,
358.097,362,
358.159,475,
358.22,1399,
358.281,1195,
358.343,463,
358.404,495,
358.465,519,
358.526,559,
358.588,516,
358.649,631,
358.71,667,
358.771,451,
358.833,608,
358.894,442,
358.955,357,
359.016,449,
359.077,375,
359.139,434,
359.2,364,
359.261,323,
359.322,309,
359.383,262,
359.444,374,
359.505,370,
359.566,278,
359.627,264,
359.688,332,
359.749,320,
359.81,295,
359.871,233,
359.932,283,
359.993,317,
360.054,259,
360.115,288,
360.176,255,
360.237,299,
360.298,269,
360.359,283,
360.42,362,
360.481,267,
360.542,285,
360.603,314,
360.664,367,
360.724,336,
360.785,352,
360.846,278,
360.907,326,
360.968,526,
361.029,701,
361.089,369,
361.15,375,
361.211,254,
361.272,317,
361.332,316,
361.393,263,
361.454,264,
361.515,312,
361.575,259,
361.636,305,
361.697,251,
361.757,245,
361.818,307,
361.878,295,
361.939,420,
362,784,
362.06,379,
362.121,280,
362.181,285,
362.242,255,
362.303,297,
362.363,192,
362.424,266,
362.484,393,
362.545,289,
362.605,294,
362.666,249,
362.726,257,
362.787,303,
362.847,322,
362.907,303,
362.968,322,
363.028,312,
363.089,342,
363.149,352,
363.209,559,
363.27,835,
363.33,360,
363.39,303,
363.451,267,
363.511,280,
363.571,283,
363.632,744,
363.692,734,
363.752,299,
363.812,297,
363.873,238,
363.933,262,
363.993,235,
364.053,292,
364.114,334,
364.174,319,
364.234,332,
364.294,347,
364.354,754,
364.414,767,
364.474,394,
364.535,447,
364.595,362,
364.655,289,
364.715,252,
364.775,346,
364.835,345,
364.895,729,
364.955,463,
365.015,330,
365.075,310,
365.135,288,
365.195,259,
365.255,331,
365.315,300,
365.375,302,
365.435,936,
365.495,743,
365.555,346,
365.614,272,
365.674,240,
365.734,207,
365.794,261,
365.854,259,
365.914,339,
365.974,295,
366.033,253,
366.093,266,
366.153,273,
366.213,235,
366.273,211,
366.332,216,
366.392,234,
366.452,289,
366.511,213,
366.571,225,
366.631,235,
366.69,209,
366.75,283,
366.81,282,
366.869,236,
366.929,235,
366.989,291,
367.048,302,
367.108,265,
367.167,250,
367.227,276,
367.287,315,
367.346,212,
367.406,264,
367.465,257,
367.525,202,
367.584,198,
367.644,241,
367.703,224,
367.763,259,
367.822,240,
367.881,295,
367.941,294,
368,219,
368.06,293,
368.119,324,
368.178,228,
368.238,278,
368.297,268,
368.356,274,
368.416,264,
368.475,259,
368.534,334,
368.594,849,
368.653,650,
368.712,281,
368.771,264,
368.831,353,
368.89,300,
368.949,178,
369.008,202,
369.067,264,
369.127,272,
369.186,250,
369.245,240,
369.304,228,
369.363,239,
369.422,235,
369.481,250,
369.54,247,
369.599,312,
369.659,209,
369.718,217,
369.777,221,
369.836,238,
369.895,256,
369.954,226,
370.013,201,
370.072,221,
370.131,312,
370.19,254,
370.248,197,
370.307,187,
370.366,255,
370.425,290,
370.484,291,
370.543,274,
370.602,331,
370.661,630,
370.719,651,
370.778,475,
370.837,321,
370.896,308,
370.955,324,
371.013,430,
371.072,298,
371.131,281,
371.19,252,
371.248,305,
371.307,249,
371.366,208,
371.424,259,
371.483,247,
371.542,255,
371.6,276,
371.659,218,
371.718,267,
371.776,268,
371.835,290,
371.893,264,
371.952,318,
372.011,480,
372.069,1191,
372.128,515,
372.186,280,
372.245,272,
372.303,431,
372.362,377,
372.42,221,
372.479,346,
372.537,348,
372.595,288,
372.654,222,
372.712,223,
372.771,365,
372.829,401,
372.887,269,
372.946,199,
373.004,347,
373.062,522,
373.121,322,
373.179,261,
373.237,235,
373.296,197,
373.354,343,
373.412,410,
373.47,353,
373.529,1218,
373.587,1092,
373.645,384,
373.703,528,
373.761,1534,
373.819,970,
373.878,431,
373.936,349,
373.994,309,
374.052,326,
374.11,368,
374.168,672,
374.226,478,
374.284,327,
374.342,258,
374.4,341,
374.458,308,
374.516,269,
374.574,545,
374.632,895,
374.69,379,
374.748,283,
374.806,276,
374.864,567,
374.922,497,
374.98,996,
375.038,752,
375.096,329,
375.154,260,
375.211,272,
375.269,315,
375.327,774,
375.385,535,
375.443,292,
375.5,310,
375.558,209,
375.616,252,
375.674,288,
375.731,324,
375.789,360,
375.847,682,
375.905,662,
375.962,850,
376.02,559,
376.078,322,
376.135,487,
376.193,646,
376.25,327,
376.308,231,
376.366,275,
376.423,589,
376.481,359,
376.538,237,
376.596,288,
376.653,293,
376.711,310,
376.768,460,
376.826,317,
376.883,247,
376.941,214,
376.998,182,
377.056,248,
377.113,240,
377.17,309,
377.228,306,
377.285,203,
377.343,185,
377.4,238,
377.457,275,
377.515,226,
377.572,214,
377.629,266,
377.686,242,
377.744,240,
377.801,251,
377.858,211,
377.915,174,
377.973,242,
378.03,284,
378.087,240,
378.144,245,
378.201,262,
378.259,208,
378.316,190,
378.373,262,
378.43,217,
378.487,195,
378.544,278,
378.601,324,
378.658,274,
378.715,248,
378.772,272,
378.829,259,
378.886,297,
378.943,223,
379,207,
379.057,260,
379.114,219,
379.171,167,
379.228,243,
379.285,283,
379.342,223,
379.399,257,
379.456,278,
379.513,374,
379.569,267,
379.626,270,
379.683,211,
379.74,216,
379.797,283,
379.853,289,
379.91,289,
379.967,324,
380.024,293,
380.08,204,
380.137,300,
380.194,202,
380.25,206,
380.307,248,
380.364,247,
380.42,283,
380.477,321,
380.534,245,
380.59,258,
380.647,307,
380.703,254,
380.76,285,
380.817,251,
380.873,210,
380.93,300,
380.986,269,
381.043,270,
381.099,272,
381.156,248,
381.212,248,
381.268,390,
381.325,331,
381.381,237,
381.438,312,
381.494,314,
381.55,566,
381.607,553,
381.663,274,
381.719,315,
381.776,333,
381.832,268,
381.888,356,
381.945,317,
382.001,875,
382.057,826,
382.113,365,
382.17,331,
382.226,276,
382.282,294,
382.338,302,
382.394,509,
382.45,408,
382.507,453,
382.563,801,
382.619,466,
382.675,389,
382.731,502,
382.787,489,
382.843,355,
382.899,470,
382.955,393,
383.011,319,
383.067,355,
383.123,400,
383.179,700,
383.235,545,
383.291,367,
383.347,536,
383.403,562,
383.459,384,
383.515,339,
383.571,326,
383.626,377,
383.682,382,
383.738,708,
383.794,917,
383.85,461,
383.906,364,
383.961,402,
384.017,620,
384.073,496,
384.129,365,
384.184,281,
384.24,365,
384.296,317,
384.351,363,
384.407,310,
384.463,340,
384.518,346,
384.574,372,
384.63,435,
384.685,408,
384.741,445,
384.796,398,
384.852,472,
384.907,502,
384.963,579,
385.019,542,
385.074,483,
385.129,353,
385.185,456,
385.24,468,
385.296,492,
385.351,549,
385.407,536,
385.462,423,
385.518,501,
385.573,653,
385.628,435,
385.684,389,
385.739,403,
385.794,403,
385.85,554,
385.905,999,
385.96,763,
386.015,617,
386.071,660,
386.126,504,
386.181,345,
386.236,396,
386.291,341,
386.347,370,
386.402,360,
386.457,393,
386.512,414,
386.567,372,
386.622,420,
386.677,385,
386.733,437,
386.788,437,
386.843,449,
386.898,492,
386.953,647,
386.96,720,
387.055,720,
387.151,813,
387.246,802,
387.342,860,
387.437,1061,
387.532,975,
387.628,795,
387.723,658,
387.818,630,
387.914,592,
388.009,683,
388.104,709,
388.2,896,
388.295,910,
388.391,1036,
388.486,1205,
388.581,1366,
388.677,1514,
388.772,1157,
388.867,662,
388.963,623,
389.058,760,
389.153,605,
389.249,511,
389.344,561,
389.439,513,
389.535,593,
389.63,532,
389.725,523,
389.821,557,
389.916,662,
390.011,555,
390.107,582,
390.202,598,
390.297,624,
390.392,708,
390.488,697,
390.583,676,
390.678,801,
390.774,1034,
390.869,1636,
390.964,1669,
391.06,898,
391.155,637,
391.25,645,
391.345,630,
391.441,686,
391.536,783,
391.631,764,
391.727,816,
391.822,733,
391.917,727,
392.012,727,
392.108,798,
392.203,793,
392.298,845,
392.393,892,
392.489,906,
392.584,910,
392.679,971,
392.774,985,
392.87,976,
392.965,1029,
393.06,1111,
393.155,1317,
393.251,1510,
393.346,2253,
393.441,4371,
393.536,10315,
393.632,22314,
393.727,25477,
393.822,8107,
393.917,2172,
394.013,1464,
394.108,1237,
394.203,1169,
394.298,1263,
394.393,1462,
394.489,2471,
394.584,4890,
394.679,9029,
394.774,8302,
394.869,2328,
394.965,1407,
395.06,1375,
395.155,1495,
395.25,1343,
395.345,990,
395.44,1043,
395.536,1057,
395.631,1055,
395.726,1162,
395.821,1217,
395.916,1540,
396.011,1777,
396.107,2195,
396.202,3321,
396.297,6786,
396.392,13399,
396.487,13776,
396.582,4508,
396.677,2065,
396.773,2166,
396.868,3390,
396.963,7753,
397.058,17398,
397.153,20731,
397.248,7127,
397.343,1755,
397.438,1353,
397.533,1207,
397.629,1194,
397.724,1120,
397.819,1021,
397.914,942,
398.009,936,
398.104,900,
398.199,1043,
398.294,1041,
398.389,1285,
398.484,1283,
398.579,1036,
398.674,1015,
398.77,914,
398.865,924,
398.96,1017,
399.055,1112,
399.15,1404,
399.245,1534,
399.34,1262,
399.435,1186,
399.53,1223,
399.625,1340,
399.72,1565,
399.815,1485,
399.91,1664,
400.005,1740,
400.1,1776,
400.195,1549,
400.29,1034,
400.385,1061,
400.48,1123,
400.575,1054,
400.67,1149,
400.765,1095,
400.86,951,
400.955,974,
401.05,995,
401.145,1036,
401.24,1000,
401.335,935,
401.43,941,
401.525,977,
401.62,1002,
401.715,983,
401.81,955,
401.905,910,
402,901,
402.095,935,
402.189,933,
402.284,981,
402.379,992,
402.474,968,
402.569,1116,
402.664,1068,
402.759,1079,
402.854,1077,
402.949,1084,
403.044,1188,
403.139,1062,
403.233,1148,
403.328,1349,
403.423,1343,
403.518,1291,
403.613,1229,
403.708,1198,
403.803,1191,
403.898,1119,
403.992,1100,
404.087,1102,
404.182,1171,
404.277,1176,
404.372,1166,
404.467,1323,
404.562,1414,
404.656,1604,
404.751,1775,
404.846,1714,
404.941,1345,
405.036,1243,
405.13,1219,
405.225,1208,
405.32,1143,
405.415,1128,
405.51,1167,
405.604,1086,
405.699,1169,
405.794,1102,
405.889,1127,
405.984,1217,
406.078,1257,
406.173,1098,
406.268,1267,
406.363,1286,
406.457,1479,
406.552,1587,
406.647,1361,
406.742,1129,
406.836,1166,
406.931,1365,
407.026,1263,
407.12,1288,
407.215,1421,
407.31,1632,
407.405,1616,
407.499,1348,
407.594,1379,
407.689,1618,
407.783,1906,
407.878,3188,
407.973,3788,
408.067,2120,
408.162,1453,
408.257,1334,
408.351,1315,
408.446,1295,
408.541,1307,
408.635,1275,
408.73,1153,
408.825,1328,
408.919,1321,
409.014,1208,
409.109,1329,
409.203,1396,
409.298,1394,
409.392,1363,
409.487,1258,
409.582,1336,
409.676,1299,
409.771,1320,
409.865,1304,
409.96,1262,
410.054,1359,
410.149,1333,
410.244,1428,
410.338,1437,
410.433,1398,
410.527,1384,
410.622,1412,
410.716,1279,
410.811,1412,
410.905,1379,
411,1348,
411.094,1300,
411.189,1322,
411.283,1270,
411.378,1320,
411.472,1359,
411.567,1389,
411.661,1304,
411.756,1372,
411.85,1385,
411.945,1260,
412.039,1322,
412.134,1326,
412.228,1329,
412.323,1299,
412.417,1337,
412.512,1348,
412.606,1357,
412.7,1413,
412.795,1446,
412.889,1449,
412.984,1564,
413.078,1551,
413.173,1473,
413.267,1528,
413.361,1601,
413.456,1430,
413.55,1374,
413.645,1485,
413.739,1352,
413.833,1313,
413.928,1326,
414.022,1380,
414.116,1361,
414.211,1286,
414.305,1380,
414.399,1415,
414.494,1499,
414.588,1556,
414.682,1348,
414.777,1476,
414.871,1415,
414.965,1386,
415.06,1370,
415.154,1459,
415.248,1512,
415.342,1588,
415.437,1421,
415.531,1421,
415.625,1395,
415.719,1466,
415.814,1485,
415.908,1391,
416.002,1379,
416.096,1245,
416.191,1400,
416.285,1310,
416.379,1522,
416.473,1317,
416.568,1439,
416.662,1404,
416.756,1437,
416.85,1444,
416.944,1386,
417.039,1283,
417.133,1363,
417.227,1343,
417.321,1439,
417.415,1503,
417.509,1455,
417.603,1352,
417.698,1290,
417.792,1330,
417.886,1430,
417.98,1350,
418.074,1411,
418.168,1501,
418.262,1478,
418.356,1334,
418.45,1428,
418.545,1433,
418.639,1440,
418.733,1323,
418.827,1524,
418.921,1465,
419.015,1466,
419.109,1379,
419.203,1442,
419.297,1418,
419.391,1458,
419.485,1368,
419.579,1494,
419.673,1561,
419.767,1549,
419.861,1528,
419.955,1547,
420.049,1513,
420.143,1395,
420.237,1444,
420.331,1485,
420.425,1436,
420.519,1297,
420.613,1398,
420.707,1198,
420.801,1233,
420.895,1437,
420.989,1340,
421.083,1343,
421.176,1515,
421.27,1423,
421.364,1497,
421.458,1668,
421.552,1866,
421.646,2835,
421.74,3218,
421.834,2040,
421.928,1472,
422.021,1422,
422.115,1461,
422.209,1532,
422.303,1660,
422.397,1609,
422.491,1876,
422.584,3085,
422.678,6698,
422.772,13872,
422.866,17294,
422.96,7160,
423.053,2108,
423.147,1636,
423.241,1595,
423.335,1460,
423.428,1566,
423.522,1543,
423.616,1426,
423.71,1458,
423.803,1492,
423.897,1393,
423.991,1461,
424.084,1462,
424.178,1494,
424.272,1351,
424.366,1435,
424.459,1453,
424.553,1518,
424.647,1393,
424.74,1362,
424.834,1349,
424.928,1418,
425.021,1380,
425.115,1490,
425.208,1583,
425.302,1420,
425.396,1366,
425.489,1335,
425.583,1363,
425.676,1410,
425.77,1409,
425.864,1290,
425.957,1251,
426.051,1311,
426.144,1426,
426.238,1475,
426.331,1376,
426.425,1378,
426.518,1233,
426.612,1238,
426.705,1259,
426.799,1232,
426.893,1350,
426.986,1195,
427.079,1306,
427.173,1352,
427.266,1579,
427.36,1691,
427.453,1489,
427.547,1281,
427.64,1441,
427.734,1357,
427.827,1389,
427.921,1187,
428.014,1198,
428.107,1304,
428.201,1270,
428.294,1493,
428.388,1701,
428.481,2122,
428.574,1827,
428.668,1407,
428.761,1441,
428.854,1549,
428.948,1657,
429.041,1973,
429.134,2234,
429.228,1876,
429.321,1482,
429.414,1234,
429.508,1295,
429.601,1319,
429.694,1348,
429.787,1455,
429.881,1509,
429.974,1643,
430.067,2324,
430.16,2656,
430.254,2848,
430.347,3375,
430.44,3536,
430.533,2972,
430.626,1624,
430.72,2012,
430.813,2588,
430.906,2477,
430.999,2557,
431.092,1852,
431.186,1297,
431.279,1275,
431.372,1341,
431.465,1352,
431.558,1336,
431.651,1525,
431.744,1561,
431.837,1196,
431.931,1572,
432.024,2026,
432.117,2264,
432.21,1400,
432.303,1308,
432.396,1247,
432.489,1396,
432.582,1333,
432.675,1588,
432.768,1931,
432.861,1838,
432.954,1277,
433.047,1200,
433.14,1300,
433.233,1394,
433.326,1197,
433.419,1265,
433.512,1251,
433.605,1231,
433.698,1354,
433.791,1215,
433.884,1416,
433.977,1423,
434.07,1366,
434.162,1306,
434.255,1278,
434.348,1338,
434.441,1299,
434.534,1397,
434.627,1323,
434.72,1435,
434.813,1508,
434.905,1434,
434.998,1457,
435.091,1442,
435.184,1398,
435.277,1437,
435.369,1323,
435.462,1370,
435.555,1323,
435.648,1304,
435.741,1270,
435.833,1429,
435.926,1274,
436.019,1319,
436.112,1260,
436.204,1263,
436.297,1375,
436.39,1287,
436.482,1194,
436.575,1277,
436.668,1340,
436.76,1265,
436.853,1231,
436.946,1334,
437.038,1363,
437.131,1293,
437.224,1325,
437.316,1169,
437.409,1228,
437.502,1372,
437.594,1150,
437.687,1210,
437.779,1276,
437.872,1203,
437.964,1244,
438.057,1125,
438.15,1254,
438.242,1311,
438.335,1168,
438.427,1516,
438.52,1778,
438.612,2137,
438.705,1880,
438.797,1422,
438.89,1290,
438.982,1171,
439.074,1164,
439.167,1166,
439.259,1217,
439.352,1191,
439.444,1116,
439.537,1221,
439.629,1279,
439.721,1326,
439.814,1443,
439.906,1206,
439.999,1105,
440.091,1107,
440.183,1190,
440.276,1167,
440.368,1210,
440.46,1148,
440.553,1203,
440.645,1322,
440.737,1583,
440.829,1455,
440.922,1120,
441.014,1240,
441.106,1150,
441.199,1158,
441.291,1209,
441.383,1173,
441.475,1231,
441.567,1208,
441.66,1182,
441.752,1450,
441.844,1316,
441.936,1341,
442.028,1259,
442.121,1276,
442.213,1100,
442.305,1214,
442.397,1181,
442.489,1219,
442.581,1243,
442.673,1302,
442.765,1592,
442.858,1779,
442.95,1686,
443.042,1363,
443.134,1205,
443.226,1221,
443.318,1229,
443.41,1177,
443.502,1331,
443.594,1407,
443.686,1842,
443.778,2434,
443.87,2726,
443.962,1726,
444.054,1226,
444.146,1080,
444.238,1336,
444.33,1346,
444.422,1330,
444.513,1402,
444.605,1414,
444.697,1324,
444.789,1385,
444.881,1286,
444.973,1437,
445.065,1433,
445.157,1380,
445.248,1403,
445.34,1399,
445.432,1364,
445.524,1416,
445.616,1834,
445.708,2413,
445.799,3302,
445.891,3293,
445.983,2031,
446.075,1498,
446.166,1359,
446.258,1094,
446.35,1170,
446.441,1134,
446.533,1194,
446.625,1066,
446.717,1138,
446.808,1166,
446.9,1173,
446.992,1137,
447.083,1173,
447.175,1227,
447.266,1159,
447.358,1156,
447.45,1112,
447.541,1079,
447.633,1023,
447.724,1044,
447.816,1024,
447.908,1143,
447.999,1065,
448.091,1086,
448.182,1068,
448.274,1010,
448.365,1118,
448.457,1111,
448.548,1254,
448.64,1085,
448.731,967,
448.823,949,
448.914,972,
449.005,992,
449.097,928,
449.188,1093,
449.28,1054,
449.371,997,
449.462,945,
449.554,982,
449.645,921,
449.737,1094,
449.828,1013,
449.919,1059,
450.011,966,
450.102,981,
450.193,1073,
450.284,1038,
450.376,944,
450.467,1009,
450.558,1050,
450.649,1033,
450.741,974,
450.832,939,
450.923,974,
451.014,1061,
451.106,953,
451.197,917,
451.288,1012,
451.379,1048,
451.47,1011,
451.561,1006,
451.653,1043,
451.744,1106,
451.835,1018,
451.926,976,
452.017,1087,
452.108,1096,
452.199,1176,
452.29,1069,
452.381,1043,
452.472,1045,
452.563,1029,
452.654,1047,
452.745,1135,
452.836,960,
452.927,924,
453.018,946,
453.109,1180,
453.2,1110,
453.291,1098,
453.382,1049,
453.473,1075,
453.564,1210,
453.655,1604,
453.746,2335,
453.837,2615,
453.927,2401,
454.018,2259,
454.109,1684,
454.2,1090,
454.291,995,
454.382,921,
454.472,971,
454.563,1031,
454.654,935,
454.745,1001,
454.836,1008,
454.926,1069,
455.017,1054,
455.108,1027,
455.198,1158,
455.289,1128,
455.38,1265,
455.471,1047,
455.561,1125,
455.652,1268,
455.743,1666,
455.833,2108,
455.924,1868,
456.014,1219,
456.105,946,
456.196,922,
456.286,889,
456.377,977,
456.467,870,
456.558,906,
456.648,1013,
456.739,980,
456.829,978,
456.92,931,
457.01,940,
457.101,901,
457.191,901,
457.282,926,
457.372,963,
457.463,937,
457.553,933,
457.644,977,
457.734,1008,
457.824,999,
457.915,854,
458.005,946,
458.095,1047,
458.186,1011,
458.276,956,
458.366,1029,
458.457,976,
458.547,1006,
458.637,1009,
458.728,1029,
458.818,990,
458.908,976,
458.998,1059,
459.089,1121,
459.179,1098,
459.269,1143,
459.359,1097,
459.449,1126,
459.54,1072,
459.63,1056,
459.72,1081,
459.81,1098,
459.9,1038,
459.99,1107,
460.08,1131,
460.17,1062,
460.261,1146,
460.351,1252,
460.441,1206,
460.531,1231,
460.621,1205,
460.711,1272,
460.801,1272,
460.891,1201,
460.981,1215,
461.071,1487,
461.161,2062,
461.251,2589,
461.341,2427,
461.43,1308,
461.52,1176,
461.61,1277,
461.7,1130,
461.79,1152,
461.88,1233,
461.97,1297,
462.06,1177,
462.149,1292,
462.239,1331,
462.329,1330,
462.419,1247,
462.509,1300,
462.598,1325,
462.688,1251,
462.778,1389,
462.868,1277,
462.957,1256,
463.047,1294,
463.137,1284,
463.226,1359,
463.316,1414,
463.406,1528,
463.495,1606,
463.585,1532,
463.675,1519,
463.764,1568,
463.854,1512,
463.943,1290,
464.033,1268,
464.123,1396,
464.212,1350,
464.302,1409,
464.391,1522,
464.481,1446,
464.57,1661,
464.66,1384,
464.749,1350,
464.839,1275,
464.928,1269,
465.018,1316,
465.107,1372,
465.196,1247,
465.286,1291,
465.375,1253,
465.465,1363,
465.554,1238,
465.643,1222,
465.733,1224,
465.822,1199,
465.911,1252,
466.001,1222,
466.09,1150,
466.179,1327,
466.268,1370,
466.358,1144,
466.447,1120,
466.536,1159,
466.625,1073,
466.715,1159,
466.804,1155,
466.893,1099,
466.982,1139,
467.071,1060,
467.16,1059,
467.249,1127,
467.339,1274,
467.428,1225,
467.517,1126,
467.606,1075,
467.695,1208,
467.784,1109,
467.873,1120,
467.962,1180,
468.051,1049,
468.14,1029,
468.229,1112,
468.318,1052,
468.407,1109,
468.496,1098,
468.585,1149,
468.674,1137,
468.763,1272,
468.852,1302,
468.94,1152,
469.029,1075,
469.118,1114,
469.207,1076,
469.296,1079,
469.385,999,
469.473,1007,
469.562,972,
469.651,1092,
469.74,1109,
469.829,1090,
469.917,1065,
470.006,1013,
470.095,1187,
470.183,1220,
470.272,1135,
470.361,1110,
470.449,1143,
470.538,1162,
470.627,1107,
470.715,1040,
470.804,1113,
470.893,1049,
470.981,1089,
471.07,1070,
471.158,1072,
471.247,1083,
471.335,1098,
471.424,1094,
471.512,1181,
471.601,1100,
471.689,1081,
471.778,1098,
471.866,1062,
471.955,1116,
472.043,1075,
472.131,1018,
472.22,1127,
472.308,978,
472.397,1052,
472.485,963,
472.573,915,
472.662,922,
472.75,936,
472.838,1038,
472.927,1036,
473.015,1059,
473.103,1066,
473.191,958,
473.28,968,
473.368,955,
473.456,900,
473.544,993,
473.632,986,
473.72,895,
473.809,970,
473.897,955,
473.985,947,
474.073,958,
474.161,997,
474.249,911,
474.337,1012,
474.425,967,
474.513,842,
474.601,1060,
474.689,1045,
474.777,983,
474.865,929,
474.953,977,
475.041,921,
475.129,1045,
475.217,954,
475.305,896,
475.393,873,
475.481,827,
475.569,935,
475.657,981,
475.744,891,
475.832,906,
475.92,846,
476.008,969,
476.096,937,
476.183,919,
476.271,818,
476.359,914,
476.447,1004,
476.534,1080,
476.622,1105,
476.71,1055,
476.798,981,
476.885,921,
476.973,992,
477.06,983,
477.148,915,
477.236,960,
477.323,979,
477.411,956,
477.498,926,
477.586,926,
477.674,932,
477.761,1017,
477.849,988,
477.936,1006,
478.024,963,
478.111,967,
478.198,988,
478.286,1107,
478.373,917,
478.461,1084,
478.548,939,
478.636,1024,
478.723,1103,
478.81,1042,
478.898,1068,
478.985,1047,
479.072,1002,
479.16,1060,
479.247,1116,
479.334,1008,
479.421,1031,
479.509,1155,
479.596,1052,
479.683,1022,
479.77,1058,
479.857,1077,
479.945,1033,
480.032,1003,
480.119,1040,
480.206,1123,
480.293,1068,
480.38,1134,
480.467,1098,
480.554,1047,
480.641,1095,
480.728,1246,
480.815,1026,
480.902,1163,
480.989,1094,
481.076,1075,
481.163,1107,
481.25,1165,
481.337,1214,
481.424,1070,
481.511,972,
481.598,1074,
481.685,972,
481.772,1041,
481.858,1036,
481.945,1072,
482.032,1070,
482.119,1109,
482.206,984,
482.292,960,
482.379,1029,
482.466,951,
482.553,951,
482.639,1010,
482.726,969,
482.813,1019,
482.899,1073,
482.986,1030,
483.073,997,
483.159,1006,
483.246,982,
483.332,966,
483.419,1038,
483.506,988,
483.592,1050,
483.679,1034,
483.765,1027,
483.852,977,
483.938,1005,
484.025,1017,
484.111,975,
484.198,1044,
484.284,1040,
484.37,939,
484.457,995,
484.543,1011,
484.63,1077,
484.716,1052,
484.802,1209,
484.888,1174,
484.975,1226,
485.061,1166,
485.147,1199,
485.234,1119,
485.32,1262,
485.406,1109,
485.492,1125,
485.578,1196,
485.665,1155,
485.751,1176,
485.837,1210,
485.923,1230,
486.009,1151,
486.095,1276,
486.181,1336,
486.267,1341,
486.354,1330,
486.44,1264,
486.526,1339,
486.612,1284,
486.698,1224,
486.784,1265,
486.87,1260,
486.955,1168,
487.041,1151,
487.127,1169,
487.213,1260,
487.299,1120,
487.385,1182,
487.471,1198,
487.557,1302,
487.642,1281,
487.728,1237,
487.814,1210,
487.9,1294,
487.986,1304,
488.071,1268,
488.157,1210,
488.243,1161,
488.328,1162,
488.414,1215,
488.5,1240,
488.585,1315,
488.671,1347,
488.757,1274,
488.842,1198,
488.928,1171,
489.013,1128,
489.099,1105,
489.185,1162,
489.27,1191,
489.356,1306,
489.441,1190,
489.527,1144,
489.612,1112,
489.697,1079,
489.783,1012,
489.868,1074,
489.954,1134,
490.039,1180,
490.124,1156,
490.21,1062,
490.295,1052,
490.38,1000,
490.466,1114,
490.551,1153,
490.636,1056,
490.722,1061,
490.807,1116,
490.892,1271,
490.977,1208,
491.062,1097,
491.148,1043,
491.233,1088,
491.318,1035,
491.403,985,
491.488,1086,
491.573,1040,
491.658,1043,
491.743,1044,
491.828,1091,
491.913,1028,
491.998,1068,
492.083,1042,
492.168,1116,
492.253,1118,
492.338,1093,
492.423,1020,
492.508,1006,
492.593,1017,
492.678,1125,
492.763,1083,
492.848,1128,
492.932,1148,
493.017,1140,
493.102,1178,
493.187,1054,
493.271,962,
493.356,1029,
493.441,1059,
493.526,1121,
493.61,1061,
493.695,1118,
493.78,1141,
493.864,1006,
493.949,1086,
494.034,1088,
494.118,1203,
494.203,1373,
494.287,1726,
494.372,1893,
494.456,1312,
494.541,1144,
494.625,1095,
494.71,1101,
494.794,1111,
494.879,1047,
494.963,1165,
495.048,1068,
495.132,1070,
495.216,1029,
495.301,983,
495.385,1023,
495.469,1134,
495.554,1106,
495.638,1034,
495.722,938,
495.807,1082,
495.891,970,
495.975,1047,
496.059,1060,
496.143,1037,
496.228,1139,
496.312,1073,
496.396,1063,
496.48,1016,
496.564,1136,
496.648,1210,
496.732,1178,
496.816,1194,
496.9,1047,
496.984,1018,
497.068,1066,
497.152,1226,
497.236,1096,
497.32,1093,
497.404,1070,
497.488,1093,
497.572,1118,
497.656,1108,
497.74,1105,
497.824,1050,
497.908,991,
497.991,1165,
498.075,1167,
498.159,1116,
498.243,1146,
498.327,1155,
498.41,1156,
498.494,1212,
498.578,1160,
498.661,1161,
498.745,1271,
498.829,1292,
498.912,1512,
498.996,1886,
499.079,2617,
499.163,2944,
499.247,2157,
499.33,1577,
499.414,1361,
499.497,1346,
499.581,1306,
499.664,1330,
499.748,1535,
499.831,1604,
499.914,1907,
499.998,2376,
500.081,2914,
500.165,2384,
500.248,1697,
500.331,1483,
500.415,1725,
500.498,1753,
500.581,1811,
500.664,2000,
500.748,2244,
500.831,2716,
500.914,3032,
500.997,3153,
501.08,2393,
501.164,2358,
501.247,2272,
501.33,2222,
501.413,2200,
501.496,2432,
501.579,2507,
501.662,2791,
501.745,2824,
501.828,2177,
501.911,1914,
501.994,1850,
502.077,1920,
502.16,1847,
502.243,2078,
502.326,2216,
502.409,2443,
502.492,2126,
502.575,1813,
502.657,1650,
502.74,1490,
502.823,1435,
502.906,1666,
502.989,1583,
503.071,1568,
503.154,1448,
503.237,1608,
503.319,1686,
503.402,1503,
503.485,1522,
503.567,1409,
503.65,1345,
503.733,1295,
503.815,1279,
503.898,1176,
503.98,1336,
504.063,1171,
504.145,1103,
504.228,1229,
504.31,1237,
504.393,1317,
504.475,1382,
504.558,1628,
504.64,1754,
504.722,1558,
504.805,1590,
504.887,1644,
504.969,1497,
505.052,1430,
505.134,1400,
505.216,1410,
505.299,1327,
505.381,1437,
505.463,1363,
505.545,1282,
505.627,1262,
505.71,1155,
505.792,1151,
505.874,1228,
505.956,1128,
506.038,1104,
506.12,1096,
506.202,1150,
506.284,1043,
506.366,1139,
506.448,1173,
506.53,1089,
506.612,1134,
506.694,1095,
506.776,1139,
506.858,1123,
506.94,1083,
507.022,1073,
507.104,1067,
507.185,1091,
507.267,1130,
507.349,1297,
507.431,1429,
507.513,1409,
507.594,1151,
507.676,1041,
507.758,999,
507.839,971,
507.921,1070,
508.003,995,
508.084,1012,
508.166,979,
508.248,1031,
508.329,908,
508.411,1067,
508.492,1002,
508.574,1052,
508.655,919,
508.737,1001,
508.818,1075,
508.9,999,
508.981,965,
509.062,1017,
509.144,945,
509.225,1004,
509.306,1025,
509.388,972,
509.469,971,
509.55,999,
509.632,1009,
509.713,969,
509.794,954,
509.875,985,
509.957,978,
510.038,1015,
510.119,1018,
510.2,1007,
510.281,1040,
510.362,1032,
510.443,951,
510.524,943,
510.605,1020,
510.686,949,
510.767,978,
510.848,972,
510.929,988,
511.01,928,
511.091,1001,
511.172,1064,
511.253,1038,
511.334,1030,
511.415,919,
511.496,940,
511.576,878,
511.657,1004,
511.738,953,
511.819,930,
511.899,965,
511.98,1059,
512.061,1040,
512.141,975,
512.222,980,
512.303,979,
512.383,928,
512.464,946,
512.545,960,
512.625,929,
512.706,885,
512.786,926,
512.867,1023,
512.947,983,
513.028,985,
513.108,1000,
513.188,970,
513.269,1024,
513.349,1027,
513.43,1074,
513.51,994,
513.59,1064,
513.671,1017,
513.751,1059,
513.831,1093,
513.911,1006,
513.992,978,
514.072,1015,
514.152,957,
514.232,1002,
514.312,954,
514.392,995,
514.473,958,
514.553,1025,
514.633,873,
514.713,974,
514.793,1006,
514.873,954,
514.953,1052,
515.033,1023,
515.113,894,
515.193,930,
515.273,999,
515.352,993,
515.432,999,
515.512,1127,
515.592,1066,
515.672,1059,
515.752,1004,
515.831,1089,
515.911,1102,
515.991,1104,
516.07,1011,
516.15,1045,
516.23,1080,
516.309,1016,
516.389,1006,
516.469,956,
516.548,1013,
516.628,1012,
516.707,1050,
516.787,1038,
516.866,1054,
516.946,1143,
517.025,1130,
517.105,1175,
517.184,1070,
517.264,1162,
517.343,1187,
517.422,1231,
517.502,1171,
517.581,1222,
517.66,1183,
517.74,1329,
517.819,1281,
517.898,1109,
517.977,1076,
518.057,1350,
518.136,1563,
518.215,1680,
518.294,1743,
518.373,1595,
518.452,1341,
518.531,1171,
518.611,1288,
518.69,1119,
518.769,1242,
518.848,1151,
518.927,1150,
519.006,1146,
519.085,1283,
519.163,1467,
519.242,1703,
519.321,1872,
519.4,1645,
519.479,1216,
519.558,1057,
519.637,1116,
519.715,1178,
519.794,1125,
519.873,1119,
519.952,1038,
520.03,1068,
520.109,1272,
520.188,1310,
520.266,1325,
520.345,1175,
520.423,1008,
520.502,979,
520.58,958,
520.659,974,
520.738,930,
520.816,866,
520.894,885,
520.973,944,
521.051,928,
521.13,862,
521.208,923,
521.286,997,
521.365,995,
521.443,963,
521.521,960,
521.6,966,
521.678,1038,
521.756,1004,
521.834,1189,
521.913,1274,
521.991,1325,
522.069,1169,
522.147,972,
522.225,891,
522.303,862,
522.381,878,
522.459,878,
522.537,942,
522.615,894,
522.693,905,
522.771,833,
522.849,894,
522.927,926,
523.005,850,
523.083,886,
523.161,897,
523.239,944,
523.317,915,
523.394,999,
523.472,997,
523.55,935,
523.628,910,
523.705,947,
523.783,858,
523.861,859,
523.938,861,
524.016,855,
524.094,910,
524.171,901,
524.249,882,
524.326,859,
524.404,864,
524.481,907,
524.559,886,
524.636,832,
524.714,853,
524.791,911,
524.868,811,
524.946,824,
525.023,945,
525.1,832,
525.178,848,
525.255,873,
525.332,932,
525.41,857,
525.487,857,
525.564,953,
525.641,803,
525.718,851,
525.795,811,
525.873,821,
525.95,912,
526.027,901,
526.104,907,
526.181,879,
526.258,868,
526.335,819,
526.412,840,
526.489,876,
526.566,832,
526.643,859,
526.719,919,
526.796,943,
526.873,1024,
526.95,1149,
527.027,1281,
527.103,1310,
527.18,1205,
527.257,1360,
527.334,1405,
527.41,1423,
527.487,1123,
527.564,1049,
527.64,1109,
527.717,1394,
527.793,1850,
527.87,1847,
527.946,1515,
528.023,1089,
528.099,983,
528.176,789,
528.252,906,
528.329,864,
528.405,793,
528.481,810,
528.558,932,
528.634,855,
528.71,797,
528.787,827,
528.863,862,
528.939,910,
529.015,967,
529.092,882,
529.168,871,
529.244,884,
529.32,855,
529.396,869,
529.472,879,
529.548,864,
529.624,883,
529.7,899,
529.776,834,
529.852,854,
529.928,905,
530.004,809,
530.08,885,
530.156,773,
530.232,878,
530.308,770,
530.384,905,
530.459,912,
530.535,871,
530.611,917,
530.687,824,
530.762,910,
530.838,843,
530.914,912,
530.989,887,
531.065,873,
531.141,875,
531.216,887,
531.292,887,
531.367,922,
531.443,834,
531.518,915,
531.594,853,
531.669,889,
531.744,909,
531.82,905,
531.895,877,
531.971,927,
532.046,889,
532.121,916,
532.196,904,
532.272,910,
532.347,882,
532.422,924,
532.497,899,
532.572,936,
532.648,977,
532.723,942,
532.798,916,
532.873,864,
532.948,970,
533.023,906,
533.098,967,
533.173,942,
533.248,887,
533.323,992,
533.398,958,
533.473,963,
533.548,1003,
533.622,976,
533.697,856,
533.772,917,
533.847,942,
533.922,919,
533.996,902,
534.071,927,
534.146,948,
534.22,896,
534.295,932,
534.37,914,
534.444,872,
534.519,880,
534.593,936,
534.668,955,
534.742,977,
534.817,985,
534.891,958,
534.966,799,
535.04,915,
535.115,940,
535.189,892,
535.263,910,
535.338,956,
535.412,953,
535.486,1001,
535.56,1155,
535.635,1116,
535.709,986,
535.783,943,
535.857,924,
535.931,931,
536.005,912,
536.079,876,
536.154,863,
536.228,919,
536.302,864,
536.376,871,
536.45,960,
536.523,942,
536.597,894,
536.671,895,
536.745,946,
536.819,863,
536.893,939,
536.967,871,
537.04,889,
537.114,949,
537.188,893,
537.262,923,
537.335,879,
537.409,1013,
537.483,928,
537.556,922,
537.63,1073,
537.703,967,
537.777,918,
537.85,978,
537.924,983,
537.997,913,
538.071,898,
538.144,892,
538.218,1013,
538.291,971,
538.364,938,
538.438,964,
538.511,906,
538.584,939,
538.658,960,
538.731,933,
538.804,1008,
538.877,986,
538.95,919,
539.024,960,
539.097,938,
539.17,981,
539.243,920,
539.316,965,
539.389,928,
539.462,894,
539.535,929,
539.608,873,
539.681,956,
539.754,862,
539.827,1037,
539.899,947,
539.972,968,
540.045,973,
540.118,1056,
540.191,1006,
540.263,974,
540.336,929,
540.409,995,
540.481,953,
540.554,908,
540.627,975,
540.699,1006,
540.772,955,
540.844,995,
540.917,1054,
540.989,965,
541.062,924,
541.134,958,
541.207,1004,
541.279,958,
541.352,959,
541.424,1040,
541.496,958,
541.569,1018,
541.641,961,
541.713,891,
541.785,935,
541.858,973,
541.93,1000,
542.002,947,
542.074,1029,
542.146,926,
542.218,931,
542.29,1052,
542.362,987,
542.434,1095,
542.506,912,
542.578,956,
542.65,974,
542.722,1044,
542.794,944,
542.866,986,
542.938,913,
543.01,1043,
543.081,944,
543.153,956,
543.225,1034,
543.227,169,
543.376,169,
543.524,190,
543.673,185,
543.822,204,
543.971,175,
544.119,151,
544.268,164,
544.417,229,
544.565,248,
544.714,185,
544.862,174,
545.011,192,
545.16,204,
545.308,193,
545.457,196,
545.605,211,
545.754,243,
545.902,197,
546.051,202,
546.199,183,
546.348,225,
546.496,239,
546.645,225,
546.793,220,
546.942,211,
547.09,232,
547.238,225,
547.387,199,
547.535,255,
547.684,257,
547.832,246,
547.98,222,
548.129,227,
548.277,249,
548.425,243,
548.574,220,
548.722,227,
548.87,237,
549.018,229,
549.167,237,
549.315,216,
549.463,264,
549.611,223,
549.759,254,
549.907,199,
550.056,224,
550.204,254,
550.352,239,
550.5,222,
550.648,248,
550.796,201,
550.944,259,
551.092,236,
551.24,237,
551.388,239,
551.536,231,
551.684,284,
551.832,266,
551.98,291,
552.128,285,
552.276,289,
552.424,267,
552.572,250,
552.72,232,
552.868,274,
553.016,289,
553.164,243,
553.312,286,
553.46,289,
553.607,319,
553.755,287,
553.903,327,
554.051,475,
554.199,363,
554.346,295,
554.494,294,
554.642,302,
554.79,264,
554.937,246,
555.085,304,
555.233,288,
555.38,279,
555.528,292,
555.676,269,
555.823,260,
555.971,278,
556.118,234,
556.266,288,
556.414,242,
556.561,247,
556.709,262,
556.856,266,
557.004,248,
557.151,251,
557.299,280,
557.446,294,
557.594,272,
557.741,256,
557.889,254,
558.036,304,
558.184,249,
558.331,248,
558.478,292,
558.626,288,
558.773,342,
558.92,245,
559.068,250,
559.215,276,
559.362,690,
559.51,502,
559.657,275,
559.804,280,
559.952,489,
560.099,355,
560.246,338,
560.393,463,
560.54,272,
560.688,317,
560.835,290,
560.982,256,
561.129,287,
561.276,297,
561.423,264,
561.571,275,
561.718,245,
561.865,250,
562.012,283,
562.159,255,
562.306,222,
562.453,218,
562.6,262,
562.747,288,
562.894,215,
563.041,204,
563.188,250,
563.335,234,
563.482,243,
563.629,235,
563.775,261,
563.922,232,
564.069,248,
564.216,241,
564.363,268,
564.51,227,
564.657,254,
564.803,264,
564.95,257,
565.097,280,
565.244,282,
565.391,259,
565.537,246,
565.684,255,
565.831,264,
565.977,260,
566.124,255,
566.271,281,
566.417,274,
566.564,284,
566.711,317,
566.857,247,
567.004,363,
567.15,361,
567.297,309,
567.444,352,
567.59,381,
567.737,315,
567.883,350,
568.03,380,
568.176,377,
568.323,435,
568.469,479,
568.616,395,
568.762,384,
568.908,373,
569.055,423,
569.201,373,
569.348,398,
569.494,345,
569.64,308,
569.787,264,
569.933,271,
570.079,255,
570.226,271,
570.372,292,
570.518,257,
570.664,259,
570.811,289,
570.957,284,
571.103,305,
571.249,305,
571.396,264,
571.542,275,
571.688,268,
571.834,294,
571.98,273,
572.126,262,
572.272,259,
572.418,211,
572.565,245,
572.711,247,
572.857,238,
573.003,239,
573.149,229,
573.295,266,
573.441,204,
573.587,246,
573.733,292,
573.879,284,
574.024,240,
574.17,248,
574.316,232,
574.462,241,
574.608,260,
574.754,232,
574.9,250,
575.046,240,
575.191,251,
575.337,204,
575.483,210,
575.629,237,
575.775,216,
575.92,257,
576.066,234,
576.212,198,
576.358,224,
576.503,218,
576.649,234,
576.795,254,
576.94,262,
577.086,275,
577.231,264,
577.377,248,
577.523,215,
577.668,250,
577.814,206,
577.959,257,
578.105,244,
578.25,273,
578.396,260,
578.541,275,
578.687,248,
578.832,195,
578.978,227,
579.123,268,
579.269,245,
579.414,212,
579.56,222,
579.705,202,
579.85,241,
579.996,212,
580.141,251,
580.286,199,
580.432,246,
580.577,264,
580.722,234,
580.868,246,
581.013,262,
581.158,229,
581.303,238,
581.448,208,
581.594,199,
581.739,247,
581.884,234,
582.029,245,
582.174,246,
582.319,243,
582.465,208,
582.61,234,
582.755,243,
582.9,250,
583.045,243,
583.19,261,
583.335,266,
583.48,247,
583.625,204,
583.77,277,
583.915,222,
584.06,240,
584.205,279,
584.35,206,
584.495,241,
584.64,254,
584.784,271,
584.929,180,
585.074,255,
585.219,239,
585.364,219,
585.509,236,
585.653,197,
585.798,261,
585.943,231,
586.088,278,
586.232,375,
586.377,306,
586.522,243,
586.667,272,
586.811,208,
586.956,264,
587.101,252,
587.245,264,
587.39,250,
587.534,236,
587.679,215,
587.824,220,
587.968,252,
588.113,264,
588.257,276,
588.402,308,
588.546,312,
588.691,289,
588.835,322,
588.98,379,
589.124,535,
589.269,1279,
589.413,7204,
589.557,9603,
589.702,1973,
589.846,1081,
589.991,4172,
590.135,8231,
590.279,1664,
590.424,632,
590.568,426,
590.712,393,
590.856,355,
591.001,347,
591.145,372,
591.289,278,
591.433,317,
591.578,292,
591.722,319,
591.866,297,
592.01,266,
592.154,267,
592.298,324,
592.443,318,
592.587,252,
592.731,325,
592.875,273,
593.019,292,
593.163,334,
593.307,303,
593.451,310,
593.595,278,
593.739,322,
593.883,286,
594.027,338,
594.171,331,
594.315,300,
594.459,314,
594.602,326,
594.746,359,
594.89,313,
595.034,301,
595.178,265,
595.322,336,
595.466,323,
595.609,282,
595.753,261,
595.897,351,
596.041,308,
596.184,281,
596.328,309,
596.472,296,
596.615,330,
596.759,319,
596.903,252,
597.046,256,
597.19,311,
597.334,292,
597.477,278,
597.621,292,
597.764,306,
597.908,333,
598.052,285,
598.195,327,
598.339,292,
598.482,352,
598.626,303,
598.769,287,
598.912,282,
599.056,264,
599.199,285,
599.343,297,
599.486,274,
599.629,284,
599.773,308,
599.916,262,
600.059,340,
600.203,291,
600.346,315,
600.489,286,
600.633,305,
600.776,296,
600.919,312,
601.062,308,
601.206,310,
601.349,315,
601.492,296,
601.635,325,
601.778,320,
601.921,342,
602.065,301,
602.208,329,
602.351,325,
602.494,334,
602.637,318,
602.78,366,
602.923,338,
603.066,308,
603.209,264,
603.352,276,
603.495,368,
603.638,328,
603.781,342,
603.924,293,
604.067,337,
604.21,362,
604.352,304,
604.495,306,
604.638,288,
604.781,313,
604.924,305,
605.067,313,
605.209,356,
605.352,341,
605.495,313,
605.638,341,
605.78,306,
605.923,329,
606.066,347,
606.209,367,
606.351,291,
606.494,276,
606.637,317,
606.779,329,
606.922,348,
607.064,341,
607.207,329,
607.349,340,
607.492,356,
607.635,292,
607.777,280,
607.92,296,
608.062,336,
608.205,301,
608.347,320,
608.489,332,
608.632,320,
608.774,310,
608.917,296,
609.059,362,
609.201,357,
609.344,333,
609.486,345,
609.628,394,
609.771,308,
609.913,315,
610.055,335,
610.198,322,
610.34,336,
610.482,375,
610.624,389,
610.766,776,
610.909,749,
611.051,377,
611.193,319,
611.335,310,
611.477,336,
611.619,327,
611.761,360,
611.904,317,
612.046,359,
612.188,375,
612.33,338,
612.472,377,
612.614,607,
612.756,960,
612.898,402,
613.04,398,
613.182,328,
613.323,301,
613.465,360,
613.607,308,
613.749,336,
613.891,350,
614.033,369,
614.175,382,
614.316,368,
614.458,368,
614.6,433,
614.742,473,
614.884,391,
615.025,340,
615.167,325,
615.309,354,
615.45,353,
615.592,352,
615.734,339,
615.875,373,
616.017,387,
616.159,406,
616.3,369,
616.442,403,
616.583,723,
616.725,1563,
616.866,625,
617.008,380,
617.15,428,
617.291,401,
617.432,566,
617.574,472,
617.715,367,
617.857,357,
617.998,373,
618.14,374,
618.281,375,
618.422,397,
618.564,389,
618.705,347,
618.846,354,
618.988,405,
619.129,418,
619.27,368,
619.411,359,
619.553,354,
619.694,363,
619.835,384,
619.976,371,
620.118,364,
620.259,351,
620.4,340,
620.541,373,
620.682,347,
620.823,322,
620.964,359,
621.105,389,
621.246,401,
621.387,359,
621.528,366,
621.669,422,
621.81,383,
621.951,354,
622.092,380,
622.233,399,
622.374,351,
622.515,359,
622.656,386,
622.797,391,
622.938,396,
623.079,375,
623.22,375,
623.36,422,
623.501,407,
623.642,392,
623.783,320,
623.923,364,
624.064,407,
624.205,403,
624.346,388,
624.486,380,
624.627,382,
624.768,385,
624.908,355,
625.049,335,
625.19,352,
625.33,341,
625.471,348,
625.611,361,
625.752,308,
625.892,369,
626.033,385,
626.173,398,
626.314,473,
626.454,414,
626.595,388,
626.735,307,
626.876,334,
627.016,342,
627.156,361,
627.297,376,
627.437,309,
627.578,354,
627.718,356,
627.858,309,
627.999,334,
628.139,300,
628.279,300,
628.419,335,
628.56,327,
628.7,280,
628.84,311,
628.98,322,
629.12,289,
629.26,294,
629.401,335,
629.541,324,
629.681,316,
629.821,315,
629.961,323,
630.101,303,
630.241,292,
630.381,284,
630.521,306,
630.661,280,
630.801,333,
630.941,282,
631.081,289,
631.221,273,
631.361,315,
631.501,345,
631.641,307,
631.78,296,
631.92,319,
632.06,314,
632.2,364,
632.34,308,
632.48,276,
632.619,299,
632.759,331,
632.899,340,
633.039,340,
633.178,334,
633.318,306,
633.458,331,
633.597,275,
633.737,294,
633.877,316,
634.016,315,
634.156,271,
634.295,287,
634.435,284,
634.574,312,
634.714,323,
634.853,318,
634.993,345,
635.132,405,
635.272,368,
635.411,338,
635.551,289,
635.69,332,
635.83,307,
635.969,317,
636.108,356,
636.248,358,
636.387,308,
636.526,303,
636.666,301,
636.805,297,
636.944,321,
637.083,377,
637.223,340,
637.362,299,
637.501,373,
637.64,363,
637.78,315,
637.919,278,
638.058,318,
638.197,336,
638.336,279,
638.475,332,
638.614,303,
638.753,319,
638.892,294,
639.031,273,
639.17,264,
639.309,264,
639.448,285,
639.587,322,
639.726,325,
639.865,355,
640.004,345,
640.143,309,
640.282,280,
640.421,278,
640.56,285,
640.698,338,
640.837,311,
640.976,290,
641.115,253,
641.254,308,
641.392,308,
641.531,287,
641.67,290,
641.808,329,
641.947,340,
642.086,276,
642.224,329,
642.363,302,
642.502,289,
642.64,278,
642.779,346,
642.917,306,
643.056,310,
643.195,336,
643.333,299,
643.472,315,
643.61,324,
643.748,333,
643.887,301,
644.025,342,
644.164,350,
644.302,829,
644.441,1017,
644.579,385,
644.717,319,
644.856,366,
644.994,328,
645.132,357,
645.271,380,
645.409,439,
645.547,413,
645.685,312,
645.824,340,
645.962,317,
646.1,367,
646.238,359,
646.376,323,
646.514,338,
646.653,711,
646.791,822,
646.929,368,
647.067,362,
647.205,356,
647.343,318,
647.481,375,
647.619,473,
647.757,388,
647.895,331,
648.033,322,
648.171,380,
648.309,318,
648.447,355,
648.585,392,
648.722,393,
648.86,366,
648.998,316,
649.136,372,
649.274,380,
649.412,333,
649.549,379,
649.687,426,
649.825,700,
649.963,503,
650.1,460,
650.238,442,
650.376,471,
650.513,421,
650.651,387,
650.789,350,
650.926,400,
651.064,405,
651.201,382,
651.339,395,
651.476,385,
651.614,391,
651.751,399,
651.889,347,
652.026,341,
652.164,390,
652.301,362,
652.439,386,
652.576,371,
652.713,397,
652.851,430,
652.988,398,
653.126,396,
653.263,347,
653.4,383,
653.537,438,
653.675,442,
653.812,472,
653.949,440,
654.086,443,
654.224,454,
654.361,424,
654.498,475,
654.635,505,
654.772,557,
654.909,600,
655.047,527,
655.184,565,
655.321,605,
655.458,667,
655.595,634,
655.732,716,
655.869,780,
656.006,843,
656.143,877,
656.28,1046,
656.417,1190,
656.554,1390,
656.69,1480,
656.827,1543,
656.964,1550,
657.101,1280,
657.238,1197,
657.375,994,
657.512,989,
657.648,919,
657.785,880,
657.922,796,
658.059,755,
658.195,716,
658.332,678,
658.469,679,
658.605,555,
658.742,637,
658.879,618,
659.015,530,
659.152,544,
659.288,518,
659.425,501,
659.561,505,
659.698,463,
659.835,515,
659.971,501,
660.107,463,
660.244,500,
660.38,477,
660.517,423,
660.653,375,
660.79,445,
660.926,448,
661.062,393,
661.199,422,
661.335,410,
661.471,436,
661.608,412,
661.744,436,
661.88,366,
662.016,387,
662.153,408,
662.289,473,
662.425,430,
662.561,374,
662.697,405,
662.833,419,
662.97,359,
663.106,416,
663.242,449,
663.378,363,
663.514,371,
663.65,340,
663.786,303,
663.922,385,
664.058,363,
664.194,378,
664.33,382,
664.466,365,
664.602,332,
664.738,362,
664.873,416,
665.009,408,
665.145,371,
665.281,363,
665.417,359,
665.553,396,
665.688,373,
665.824,382,
665.96,410,
666.095,399,
666.231,413,
666.367,399,
666.503,333,
666.638,338,
666.774,394,
666.909,375,
667.045,343,
667.181,340,
667.316,339,
667.452,321,
667.587,357,
667.723,346,
667.858,331,
667.994,369,
668.129,361,
668.265,352,
668.4,343,
668.536,366,
668.671,370,
668.806,343,
668.942,345,
669.077,370,
669.212,312,
669.348,324,
669.483,333,
669.618,357,
669.753,338,
669.889,348,
670.024,373,
670.159,326,
670.294,349,
670.429,349,
670.565,352,
670.7,375,
670.835,421,
670.97,501,
671.105,2459,
671.24,8404,
671.375,2369,
671.51,619,
671.645,466,
671.78,393,
671.915,321,
672.05,376,
672.185,424,
672.32,433,
672.455,375,
672.59,343,
672.725,331,
672.859,298,
672.994,325,
673.129,348,
673.264,334,
673.399,345,
673.533,315,
673.668,301,
673.803,367,
673.938,306,
674.072,296,
674.207,330,
674.342,307,
674.476,293,
674.611,327,
674.746,321,
674.88,373,
675.015,338,
675.149,285,
675.284,285,
675.418,250,
675.553,278,
675.687,313,
675.822,307,
675.956,333,
676.091,329,
676.225,280,
676.359,324,
676.494,277,
676.628,321,
676.763,313,
676.897,306,
677.031,314,
677.165,275,
677.3,303,
677.434,308,
677.568,305,
677.702,257,
677.837,291,
677.971,309,
678.105,285,
678.239,275,
678.373,283,
678.507,252,
678.641,276,
678.776,309,
678.91,286,
679.044,294,
679.178,296,
679.312,307,
679.446,257,
679.58,245,
679.714,296,
679.848,303,
679.981,268,
680.115,269,
680.249,301,
680.383,329,
680.517,290,
680.651,271,
680.785,290,
680.918,262,
681.052,324,
681.186,296,
681.32,278,
681.453,283,
681.587,238,
681.721,285,
681.854,255,
681.988,251,
682.122,315,
682.255,244,
682.389,284,
682.522,276,
682.656,265,
682.79,250,
682.923,255,
683.057,253,
683.19,266,
683.324,273,
683.457,277,
683.59,266,
683.724,283,
683.857,252,
683.991,224,
684.124,261,
684.257,276,
684.391,243,
684.524,234,
684.657,190,
684.791,207,
684.924,257,
685.057,247,
685.19,236,
685.324,213,
685.457,256,
685.59,291,
685.723,253,
685.856,259,
685.989,256,
686.122,265,
686.255,273,
686.388,245,
686.522,243,
686.655,253,
686.788,279,
686.921,288,
687.054,239,
687.186,261,
687.319,255,
687.452,246,
687.585,221,
687.718,248,
687.851,225,
687.984,231,
688.117,253,
688.249,252,
688.382,257,
688.515,243,
688.648,245,
688.78,258,
688.913,244,
689.046,227,
689.179,250,
689.311,206,
689.444,275,
689.576,238,
689.709,282,
689.842,211,
689.974,229,
690.107,220,
690.239,208,
690.372,239,
690.504,208,
690.637,220,
690.769,267,
690.902,240,
691.034,247,
691.167,233,
691.299,224,
691.431,202,
691.564,238,
691.696,285,
691.828,276,
691.961,250,
692.093,253,
692.225,231,
692.357,241,
692.49,253,
692.622,215,
692.754,204,
692.886,245,
693.018,202,
693.15,222,
693.283,220,
693.415,253,
693.547,257,
693.679,227,
693.811,248,
693.943,218,
694.075,252,
694.207,204,
694.339,248,
694.471,263,
694.603,194,
694.735,241,
694.867,216,
694.998,262,
695.13,224,
695.262,273,
695.394,230,
695.526,218,
695.658,218,
695.789,243,
695.921,208,
696.053,250,
696.184,278,
696.316,222,
696.448,234,
696.579,233,
696.711,225,
696.843,232,
696.974,227,
697.106,254,
697.237,264,
697.369,220,
697.501,210,
697.632,219,
697.764,223,
697.895,214,
698.026,210,
698.158,229,
698.289,188,
698.421,267,
698.552,238,
698.683,202,
698.815,227,
698.946,213,
699.077,201,
699.209,220,
699.34,202,
699.471,220,
699.603,202,
699.734,183,
699.865,168,
699.996,211,
700.127,257,
700.258,206,
700.39,227,
700.521,203,
700.652,191,
700.783,220,
700.914,220,
701.045,199,
701.176,213,
701.307,225,
701.438,236,
701.569,206,
701.7,236,
701.831,215,
701.962,221,
702.092,236,
702.223,195,
702.354,235,
702.485,206,
702.616,234,
702.747,211,
702.877,211,
703.008,222,
703.139,204,
703.269,203,
703.4,183,
703.531,234,
703.661,231,
703.792,215,
703.923,192,
704.053,222,
704.184,199,
704.314,215,
704.445,199,
704.576,202,
704.706,234,
704.837,199,
704.967,211,
705.097,241,
705.228,189,
705.358,196,
705.489,195,
705.619,211,
705.749,218,
705.88,180,
706.01,194,
706.14,179,
706.271,193,
706.401,245,
706.531,246,
706.661,188,
706.792,253,
706.922,188,
707.052,199,
707.182,191,
707.312,181,
707.442,183,
707.572,194,
707.703,209,
707.833,222,
707.963,197,
708.093,231,
708.223,204,
708.353,187,
708.483,208,
708.613,212,
708.742,213,
708.872,186,
709.002,217,
709.132,241,
709.262,208,
709.392,214,
709.522,199,
709.651,211,
709.781,167,
709.911,165,
710.041,211,
710.17,217,
710.3,179,
710.43,225,
710.559,234,
710.689,231,
710.819,208,
710.948,176,
711.078,214,
711.207,229,
711.337,190,
711.467,185,
711.596,215,
711.725,210,
711.855,218,
711.984,179,
712.114,213,
712.243,184,
712.373,245,
712.502,202,
712.631,153,
712.761,213,
712.89,239,
713.019,162,
713.149,195,
713.278,190,
713.407,227,
713.536,210,
713.666,232,
713.795,206,
713.924,210,
714.053,241,
714.182,206,
714.311,197,
714.44,194,
714.569,234,
714.698,239,
714.828,217,
714.957,210,
715.086,266,
715.215,487,
715.343,377,
715.472,231,
715.601,206,
715.73,251,
715.859,220,
715.988,261,
716.117,267,
716.246,315,
716.374,289,
716.503,266,
716.632,219,
716.761,223,
716.889,239,
717.018,223,
717.147,262,
717.276,183,
717.404,227,
717.533,169,
717.661,201,
717.79,193,
717.919,183,
718.047,186,
718.176,169,
718.304,165,
718.433,162,
718.561,185,
718.69,160,
718.818,211,
718.946,238,
719.075,199,
719.203,199,
719.332,189,
719.46,153,
719.588,213,
719.717,203,
719.845,220,
719.973,190,
720.101,197,
720.23,184,
720.358,185,
720.486,208,
720.614,285,
720.742,252,
720.87,139,
720.999,187,
721.127,180,
721.255,184,
721.383,244,
721.511,192,
721.639,204,
721.767,195,
721.895,209,
722.023,178,
722.151,195,
722.279,176,
722.406,199,
722.534,211,
722.662,172,
722.79,180,
722.918,209,
723.046,215,
723.173,213,
723.301,211,
723.429,178,
723.557,205,
723.684,159,
723.812,208,
723.94,180,
724.067,199,
724.195,197,
724.323,208,
724.45,180,
724.578,190,
724.705,227,
724.833,215,
724.96,234,
725.088,225,
725.215,208,
725.343,196,
725.47,190,
725.598,189,
725.725,197,
725.852,176,
725.98,180,
726.107,162,
726.234,199,
726.362,212,
726.489,180,
726.616,179,
726.743,200,
726.871,205,
726.998,231,
727.125,183,
727.252,164,
727.379,171,
727.506,233,
727.634,194,
727.761,197,
727.888,180,
728.015,231,
728.142,197,
728.269,206,
728.396,220,
728.523,211,
728.65,207,
728.777,200,
728.903,185,
729.03,183,
729.157,202,
729.284,206,
729.411,174,
729.538,185,
729.664,229,
729.791,225,
729.918,165,
730.045,168,
730.171,195,
730.298,190,
730.425,217,
730.551,195,
730.678,206,
730.805,211,
730.931,216,
731.058,211,
731.184,180,
731.311,227,
731.437,211,
731.564,220,
731.69,217,
731.817,181,
731.943,205,
732.07,200,
732.196,202,
732.322,188,
732.449,190,
732.575,203,
732.701,189,
732.828,178,
732.954,262,
733.08,254,
733.206,200,
733.333,220,
733.459,183,
733.585,204,
733.711,225,
733.837,221,
733.963,243,
734.089,210,
734.215,236,
734.342,213,
734.468,206,
734.594,225,
734.72,220,
734.846,225,
734.972,234,
735.097,201,
735.223,225,
735.349,236,
735.475,215,
735.601,188,
735.727,218,
735.853,224,
735.978,178,
736.104,250,
736.23,192,
736.356,228,
736.481,213,
736.607,231,
736.733,243,
736.858,233,
736.984,232,
737.11,239,
737.235,217,
737.361,245,
737.486,195,
737.612,199,
737.737,192,
737.863,205,
737.988,191,
738.114,246,
738.239,250,
738.365,249,
738.49,224,
738.615,238,
738.741,223,
738.866,241,
738.992,263,
739.117,223,
739.242,232,
739.367,236,
739.493,213,
739.618,215,
739.743,233,
739.868,231,
739.993,229,
740.118,211,
740.244,232,
740.369,208,
740.494,218,
740.619,262,
740.744,184,
740.869,239,
740.994,226,
741.119,245,
741.244,188,
741.369,223,
741.494,272,
741.618,236,
741.743,249,
741.868,220,
741.993,234,
742.118,220,
742.243,271,
742.367,242,
742.492,296,
742.617,314,
742.742,477,
742.866,623,
742.991,450,
743.116,370,
743.24,324,
743.365,299,
743.489,283,
743.614,266,
743.739,305,
743.863,294,
743.988,278,
744.112,285,
744.237,352,
744.361,336,
744.485,419,
744.61,748,
744.734,1026,
744.859,789,
744.983,549,
745.107,433,
745.232,380,
745.356,342,
745.48,352,
745.604,280,
745.729,285,
745.853,288,
745.977,281,
746.101,275,
746.225,343,
746.349,313,
746.474,322,
746.598,313,
746.722,308,
746.846,350,
746.97,426,
747.094,556,
747.218,1109,
747.342,1487,
747.466,977,
747.59,759,
747.713,569,
747.837,443,
747.961,368,
748.085,389,
748.209,387,
748.333,382,
748.456,391,
748.58,376,
748.704,353,
748.828,294,
748.951,275,
749.075,284,
749.199,307,
749.322,294,
749.446,261,
749.57,294,
749.693,292,
749.817,264,
749.94,275,
750.064,246,
750.187,269,
750.311,268,
750.434,261,
750.558,220,
750.681,280,
750.804,257,
750.928,275,
751.051,231,
751.174,223,
751.298,247,
751.421,301,
751.544,324,
751.667,268,
751.791,253,
751.914,292,
752.037,259,
752.16,239,
752.283,248,
752.407,257,
752.53,265,
752.653,265,
752.776,284,
752.899,264,
753.022,286,
753.145,288,
753.268,253,
753.391,229,
753.514,296,
753.637,266,
753.76,265,
753.882,266,
754.005,263,
754.128,252,
754.251,247,
754.374,231,
754.496,253,
754.619,285,
754.742,250,
754.865,241,
754.987,264,
755.11,264,
755.233,249,
755.355,228,
755.478,250,
755.6,294,
755.723,275,
755.846,250,
755.968,225,
756.091,274,
756.213,282,
756.336,260,
756.458,244,
756.58,258,
756.703,264,
756.825,278,
756.948,292,
757.07,269,
757.192,276,
757.314,260,
757.437,294,
757.559,250,
757.681,257,
757.803,252,
757.926,248,
758.048,225,
758.17,302,
758.292,270,
758.414,306,
758.536,270,
758.658,255,
758.78,291,
758.902,283,
759.024,239,
759.146,252,
759.268,270,
759.39,262,
759.512,282,
759.634,264,
759.756,299,
759.878,296,
760,243,
760.122,249,
760.243,289,
760.365,254,
760.487,299,
760.609,298,
760.73,308,
760.852,245,
760.974,294,
761.095,282,
761.217,278,
761.339,264,
761.46,315,
761.582,318,
761.703,303,
761.825,252,
761.946,283,
762.068,248,
762.189,266,
762.311,247,
762.432,280,
762.553,321,
762.675,302,
762.796,264,
762.918,296,
763.039,255,
763.16,287,
763.281,259,
763.403,244,
763.524,304,
763.645,295,
763.766,306,
763.887,301,
764.009,310,
764.13,306,
764.251,345,
764.372,306,
764.493,274,
764.614,294,
764.735,327,
764.856,305,
764.977,298,
765.098,290,
765.219,301,
765.34,340,
765.461,312,
765.582,338,
765.702,316,
765.823,278,
765.944,356,
766.065,451,
766.186,461,
766.306,535,
766.427,603,
766.548,890,
766.668,1765,
766.789,6695,
766.91,13503,
767.03,7395,
767.151,2529,
767.272,1304,
767.392,836,
767.513,639,
767.633,593,
767.754,484,
767.874,462,
767.995,390,
768.115,362,
768.235,350,
768.356,298,
768.476,347,
768.596,333,
768.717,356,
768.837,311,
768.957,361,
769.078,368,
769.198,363,
769.318,361,
769.438,361,
769.558,370,
769.679,394,
769.799,473,
769.919,590,
770.039,974,
770.159,3278,
770.279,10003,
770.399,7761,
770.519,2409,
770.639,1051,
770.759,644,
770.879,517,
770.999,493,
771.119,412,
771.239,360,
771.358,376,
771.478,363,
771.598,327,
771.718,330,
771.838,341,
771.957,345,
772.077,345,
772.197,338,
772.316,324,
772.436,327,
772.556,292,
772.675,312,
772.795,302,
772.915,386,
773.034,327,
773.154,329,
773.273,290,
773.393,361,
773.512,340,
773.632,349,
773.751,340,
773.87,327,
773.99,291,
774.109,305,
774.228,338,
774.348,350,
774.467,322,
774.586,340,
774.706,325,
774.825,320,
774.944,350,
775.063,363,
775.182,312,
775.302,305,
775.421,350,
775.54,350,
775.659,360,
775.778,363,
775.897,368,
776.016,356,
776.135,405,
776.254,371,
776.373,403,
776.492,443,
776.611,445,
776.73,481,
776.848,514,
776.967,629,
777.086,683,
777.205,836,
777.324,1028,
777.442,1742,
777.561,3612,
777.68,4372,
777.799,4352,
777.917,4323,
778.036,3096,
778.155,1855,
778.273,1144,
778.392,966,
778.51,753,
778.629,686,
778.747,577,
778.866,595,
778.984,528,
779.103,504,
779.221,458,
779.34,441,
779.458,396,
779.576,350,
779.695,338,
779.813,364,
779.931,386,
780.05,381,
780.168,375,
780.286,447,
780.404,828,
780.523,737,
780.641,419,
780.759,373,
780.877,368,
780.995,338,
781.113,364,
781.231,354,
781.349,324,
781.467,333,
781.585,329,
781.703,319,
781.821,303,
781.939,324,
782.057,329,
782.175,328,
782.293,265,
782.411,278,
782.528,306,
782.646,345,
782.764,318,
782.882,317,
783,333,
783.117,275,
783.235,308,
783.353,346,
783.47,294,
783.588,338,
783.706,325,
783.823,328,
783.941,346,
784.058,319,
784.176,335,
784.293,266,
784.411,334,
784.528,363,
784.646,349,
784.763,290,
784.88,315,
784.998,311,
785.115,266,
785.232,322,
785.35,285,
785.467,287,
785.584,308,
785.701,283,
785.819,308,
785.936,280,
786.053,306,
786.17,308,
786.287,301,
786.404,286,
786.521,315,
786.639,262,
786.756,301,
786.873,294,
786.99,301,
787.107,303,
787.223,280,
787.34,296,
787.457,315,
787.574,292,
787.691,323,
787.808,336,
787.925,294,
788.041,290,
788.158,320,
788.275,282,
788.392,282,
788.508,324,
788.625,326,
788.742,328,
788.858,308,
788.975,323,
789.092,283,
789.208,289,
789.325,308,
789.441,331,
789.558,290,
789.674,290,
789.791,305,
789.907,296,
790.024,298,
790.14,245,
790.256,289,
790.373,254,
790.489,331,
790.605,324,
790.722,278,
790.838,322,
790.954,334,
791.07,315,
791.187,306,
791.303,285,
791.419,301,
791.535,303,
791.651,298,
791.767,288,
791.883,306,
791.999,315,
792.115,324,
792.231,309,
792.347,317,
792.463,323,
792.579,326,
792.695,308,
792.811,334,
792.927,305,
793.043,326,
793.158,361,
793.274,292,
793.39,315,
793.506,336,
793.621,327,
793.737,308,
793.853,290,
793.969,288,
794.084,308,
794.2,333,
794.315,281,
794.431,320,
794.547,342,
794.662,382,
794.778,405,
794.893,430,
795.008,491,
795.124,780,
795.239,890,
795.355,602,
795.47,609,
795.585,694,
795.701,593,
795.816,435,
795.931,473,
796.047,352,
796.162,375,
796.277,328,
796.392,358,
796.507,322,
796.623,338,
796.738,346,
796.853,303,
796.968,287,
797.083,325,
797.198,336,
797.313,292,
797.428,293,
797.543,315,
797.658,322,
797.773,289,
797.888,254,
798.003,285,
798.117,287,
798.232,283,
798.347,291,
798.462,271,
798.577,299,
798.691,313,
798.806,310,
798.921,267,
799.035,297,
799.15,294,
799.265,268,
799.379,285,
799.494,255,
799.609,289,
799.723,303,
799.838,250,
799.952,278,
800.067,304,
800.181,311,
800.295,308,
800.41,255,
800.524,269,
800.639,301,
800.753,253,
800.867,240,
800.982,284,
801.096,301,
801.21,301,
801.324,271,
801.438,261,
801.553,269,
801.667,304,
801.781,242,
801.895,269,
802.009,261,
802.123,286,
802.237,291,
802.351,246,
802.465,244,
802.579,291,
802.693,232,
802.807,252,
802.921,276,
803.035,269,
803.149,266,
803.263,273,
803.376,266,
803.49,255,
803.604,292,
803.718,299,
803.831,242,
803.945,264,
804.059,255,
804.172,311,
804.286,277,
804.4,295,
804.513,292,
804.627,304,
804.74,241,
804.854,291,
804.967,287,
805.081,298,
805.194,245,
805.308,315,
805.421,245,
805.535,262,
805.648,246,
805.761,246,
805.875,273,
805.988,284,
806.101,284,
806.214,240,
806.328,241,
806.441,263,
806.554,250,
806.667,314,
806.78,316,
806.893,279,
807.006,232,
807.12,317,
807.233,265,
807.346,251,
807.459,255,
807.572,271,
807.685,299,
807.797,257,
807.91,253,
808.023,262,
808.136,254,
808.249,271,
808.362,227,
808.475,306,
808.587,277,
808.7,273,
808.813,290,
808.925,243,
809.038,281,
809.151,239,
809.263,249,
809.376,286,
809.489,284,
809.601,281,
809.714,260,
809.826,301,
809.939,264,
810.051,278,
810.164,281,
810.276,241,
810.388,261,
810.501,292,
810.613,278,
810.725,288,
810.838,301,
810.95,285,
811.062,266,
811.175,308,
811.287,266,
811.399,269,
811.511,265,
811.623,292,
811.735,274,
811.847,283,
811.96,329,
812.072,336,
812.184,285,
812.296,274,
812.408,255,
812.52,297,
812.632,264,
812.743,285,
812.855,259,
812.967,324,
813.079,412,
813.191,340,
813.303,274,
